fecha,observacion_id,area,turno,piezas_lote,prob_defecto_historica,defectos_lote,llamadas_por_hora,tickets_soporte_hora,peso_producto_g,tiempo_entrega_horas,tiempo_entre_fallas_horas,vida_componente_horas,cumplimiento_meta,contactos_campania,prob_conversion_historica,conversiones_campania,monto_compra_crc,unidades_retrabajo_turno
2026-07-01,1,Producción,Mañana,100,0.06,7,11,3,494.37,26.95,3.61,494.3,0.9549,200,0.08,14,18719.57,20
2026-07-01,2,Calidad,Noche,150,0.03,1,15,8,480.74,13.33,12.3,186.33,0.6665,150,0.1,12,12373.66,25
2026-07-01,3,Logística,Mañana,200,0.03,10,8,6,493.91,27.81,0.1,1606.09,0.739,150,0.08,16,9832.78,13
2026-07-01,4,Mantenimiento,Mañana,100,0.03,3,24,7,505.5,11.15,12.79,1943.21,0.6797,100,0.1,7,21706.86,24
2026-07-01,5,Producción,Mañana,200,0.04,6,25,6,490.09,17.47,2.3,733.13,0.7195,150,0.15,31,32375.57,18
2026-07-01,6,Producción,Noche,80,0.03,2,9,9,491.63,16.91,3.72,205.2,0.9467,150,0.12,17,34712.34,33
2026-07-01,7,Comercial,Mañana,100,0.06,9,18,6,503.65,24.13,39.26,1510.71,0.7013,200,0.08,11,37792.52,26
2026-07-01,8,Comercial,Tarde,100,0.03,2,19,7,489.05,36.39,12.57,1103.66,0.7416,100,0.12,9,16552.19,41
2026-07-01,9,Calidad,Mañana,100,0.015,3,21,7,507.4,21.61,24.3,1324.27,0.5197,200,0.15,37,49614.49,26
2026-07-01,10,Calidad,Mañana,200,0.04,11,14,4,519.26,14.13,13.3,1486.2,0.8433,150,0.1,16,39072.21,34
2026-07-01,11,Mantenimiento,Noche,150,0.02,4,15,5,508.83,25.34,19.43,646.44,0.7885,150,0.12,10,27175.92,15
2026-07-01,12,Comercial,Mañana,150,0.015,2,17,5,509.36,19.28,15.86,2133.46,0.5903,150,0.15,21,12206.79,48
2026-07-01,13,Comercial,Mañana,80,0.015,0,14,4,508.1,24.25,23.91,1572.6,0.795,300,0.1,28,19237.9,28
2026-07-01,14,Producción,Noche,150,0.04,5,22,5,513.94,22.06,17.99,899.33,0.6786,200,0.12,18,12615.38,14
2026-07-01,15,Producción,Noche,150,0.02,5,10,4,495.76,23.44,1.6,2703.8,0.863,300,0.12,43,42138.88,27
2026-07-01,16,Call Center,Mañana,100,0.02,0,8,7,517.7,23.36,1.38,1065.31,0.5053,150,0.12,19,45477.88,32
2026-07-01,17,Call Center,Noche,300,0.04,11,17,7,491.91,26.35,43.53,1626.63,0.4264,100,0.08,7,41621.91,30
2026-07-01,18,Logística,Mañana,200,0.04,8,13,14,492.32,24.52,13.22,1491.9,0.7041,300,0.1,24,82668.68,18
2026-07-01,19,Mantenimiento,Noche,150,0.03,3,13,10,501.92,20.81,12.21,719.89,0.5812,100,0.08,5,13615.97,27
2026-07-01,20,Call Center,Tarde,150,0.03,3,9,2,503.41,51.12,0.72,1561.56,0.6786,150,0.08,11,20004.43,22
2026-07-02,21,Logística,Mañana,100,0.02,3,9,7,494.69,15.73,7.14,382.26,0.6855,150,0.08,12,111134.81,16
2026-07-02,22,Mantenimiento,Tarde,100,0.02,2,17,2,502.69,14.54,40.87,302.35,0.7072,150,0.15,27,31565.17,21
2026-07-02,23,Calidad,Mañana,100,0.03,6,17,6,494.3,23.82,11.81,1030.72,0.8176,300,0.1,35,64122.7,25
2026-07-02,24,Call Center,Mañana,150,0.02,2,17,7,489.83,35.71,2.71,1550.49,0.829,200,0.1,18,25457.21,28
2026-07-02,25,Logística,Tarde,150,0.02,4,15,11,482.26,35.33,2.7,1547.2,0.5595,150,0.1,12,109953.96,34
2026-07-02,26,Comercial,Tarde,100,0.04,2,20,6,502.01,22.8,9.22,920.04,0.7969,200,0.08,20,13354.5,42
2026-07-02,27,Calidad,Noche,100,0.03,3,23,7,505.35,16.24,0.08,726.99,0.978,150,0.12,17,26697.55,11
2026-07-02,28,Call Center,Noche,150,0.02,5,17,3,489.48,67.22,1.25,1438.67,0.7964,100,0.1,10,37198.71,18
2026-07-02,29,Calidad,Tarde,150,0.03,4,17,6,504.68,37.42,0.49,556.75,0.9168,200,0.08,17,24821.23,17
2026-07-02,30,Calidad,Noche,200,0.04,7,16,2,498.85,24.45,9.85,1874.5,0.8537,200,0.1,21,17102.09,21
2026-07-02,31,Logística,Noche,100,0.02,4,20,5,493.56,22.1,5.72,131.01,0.5635,200,0.08,8,40328.91,26
2026-07-02,32,Comercial,Tarde,100,0.06,5,16,3,506.88,13.94,22.85,672.44,0.3947,200,0.08,9,25754.31,22
2026-07-02,33,Comercial,Mañana,80,0.02,2,19,6,505.6,10.42,8.06,326.52,0.6989,300,0.12,37,46336.93,15
2026-07-02,34,Producción,Mañana,300,0.015,5,24,6,501.04,13.21,23.22,268.61,0.699,200,0.15,31,38454.99,8
2026-07-02,35,Calidad,Noche,200,0.015,5,19,8,492.96,13.16,4.79,208.94,0.8064,300,0.12,34,208517.49,25
2026-07-02,36,Mantenimiento,Tarde,100,0.06,7,20,3,496.68,17.85,25.56,1322.25,0.7699,150,0.1,16,54521.23,19
2026-07-02,37,Calidad,Mañana,100,0.015,3,26,4,503.47,13.1,1.43,1716.74,0.5727,150,0.12,19,52425.19,26
2026-07-02,38,Calidad,Tarde,200,0.04,9,23,5,498.2,36.34,3.15,1613.3,0.7522,200,0.15,32,32949.51,22
2026-07-02,39,Logística,Tarde,150,0.04,3,18,12,497.46,22.84,15.71,745.47,0.731,300,0.12,32,29589.34,26
2026-07-02,40,Producción,Tarde,100,0.02,7,15,7,485.75,20.05,18.32,822.65,0.8198,150,0.08,6,39921.55,22
2026-07-03,41,Mantenimiento,Tarde,200,0.02,8,15,3,495.27,47.49,4.03,965.78,0.8596,150,0.1,7,28611.73,22
2026-07-03,42,Logística,Mañana,100,0.03,5,13,6,495.18,26.74,0.18,716.47,0.8828,100,0.1,7,19042.2,23
2026-07-03,43,Producción,Tarde,200,0.02,2,13,4,494.78,34.47,30.36,302.09,0.6726,200,0.1,23,19513.57,30
2026-07-03,44,Producción,Noche,100,0.015,2,20,7,497.58,34.5,23.38,1422.11,0.9192,300,0.1,29,30202.7,44
2026-07-03,45,Producción,Mañana,100,0.03,5,13,8,508.9,19.68,13.02,765.38,0.8678,150,0.12,16,13416.82,19
2026-07-03,46,Comercial,Noche,300,0.02,4,8,6,504.24,36.6,11.59,1693.48,0.6499,100,0.1,5,58812.14,11
2026-07-03,47,Mantenimiento,Noche,150,0.06,7,6,18,500.62,31.89,10.92,1003.54,0.8855,150,0.12,15,45374.79,33
2026-07-03,48,Producción,Mañana,80,0.03,2,19,10,514.7,12.61,2.03,1247.58,0.7359,200,0.12,29,8537.06,28
2026-07-03,49,Mantenimiento,Tarde,200,0.04,7,14,4,493.46,15.84,4.64,286.72,0.5204,150,0.15,23,112104.02,13
2026-07-03,50,Call Center,Tarde,100,0.02,1,16,5,498.23,25.19,47.12,256.39,0.6986,150,0.1,13,37945.85,22
2026-07-03,51,Producción,Noche,200,0.02,3,8,4,516.7,39.6,14.38,212.64,0.7603,300,0.08,20,50748.55,23
2026-07-03,52,Comercial,Mañana,200,0.06,11,15,9,500.22,19.76,16.82,1053.59,0.8975,300,0.08,26,10420.24,26
2026-07-03,53,Producción,Tarde,300,0.015,2,21,2,486.61,15.77,1.3,1009.05,0.7757,300,0.12,33,57589.67,23
2026-07-03,54,Calidad,Mañana,300,0.03,9,19,5,494.85,36.83,19.68,1550.97,0.7434,150,0.12,18,18045.59,19
2026-07-03,55,Calidad,Tarde,200,0.04,9,10,5,501.58,30.76,12.37,2884.45,0.772,300,0.15,51,30360.21,17
2026-07-03,56,Call Center,Tarde,200,0.02,8,25,9,502.54,21.63,10.2,694.53,0.4474,150,0.12,19,27701.61,26
2026-07-03,57,Calidad,Mañana,80,0.03,6,8,3,517.89,25.7,6.58,1185.19,0.9224,150,0.08,11,27801.12,25
2026-07-03,58,Comercial,Noche,200,0.04,2,16,3,495.03,20.82,14.29,908.37,0.6955,150,0.1,14,106610.39,34
2026-07-03,59,Logística,Mañana,100,0.02,3,17,6,498.12,52.25,0.77,312.2,0.8715,150,0.12,20,92878.65,11
2026-07-03,60,Producción,Tarde,80,0.03,3,27,8,492.28,32.06,70.39,1146.38,0.809,100,0.1,15,20418.14,20
2026-07-04,61,Call Center,Noche,150,0.06,7,13,14,493.59,25.28,30.65,543.29,0.6683,200,0.1,18,58623.5,23
2026-07-04,62,Call Center,Mañana,200,0.03,8,12,5,505.04,40.48,3.75,759.64,0.6244,100,0.12,9,29829.15,16
2026-07-04,63,Logística,Mañana,100,0.04,10,15,4,502.94,35.69,1.76,1122.82,0.8114,200,0.1,21,38087.49,28
2026-07-04,64,Mantenimiento,Noche,100,0.04,4,5,7,507.57,28.05,115.3,2085.7,0.4544,100,0.1,13,85726.14,17
2026-07-04,65,Comercial,Noche,100,0.02,0,16,8,486.44,20.86,10.34,1392.75,0.8337,200,0.12,32,13652.94,9
2026-07-04,66,Logística,Noche,100,0.02,1,20,5,501.22,12.69,9.53,747.65,0.7846,100,0.1,8,62032.38,15
2026-07-04,67,Comercial,Tarde,150,0.06,10,10,4,488.71,18.49,22.15,1048.44,0.8959,300,0.12,34,3174.55,25
2026-07-04,68,Comercial,Tarde,150,0.015,3,9,10,504.42,20.39,13.93,975.5,0.8732,200,0.15,26,7596.06,25
2026-07-04,69,Logística,Mañana,150,0.04,5,24,8,501.81,13.74,10.45,1169.89,0.7834,300,0.1,42,39854.5,26
2026-07-04,70,Mantenimiento,Noche,100,0.04,3,12,10,509.08,20.9,7.35,478.18,0.769,100,0.1,9,60528.7,22
2026-07-04,71,Call Center,Mañana,200,0.02,8,14,4,511.31,31.25,21.32,998.88,0.5263,300,0.12,34,11459.8,25
2026-07-04,72,Calidad,Mañana,100,0.02,2,25,5,501.66,23.01,5.91,1741.2,0.8355,100,0.15,17,66898.39,26
2026-07-04,73,Mantenimiento,Noche,100,0.03,3,9,5,493.68,25.6,16.19,1872.9,0.8381,100,0.1,19,28708.33,31
2026-07-04,74,Mantenimiento,Noche,200,0.03,3,13,10,498.28,14.45,12.04,1237.01,0.7221,200,0.08,13,23117.13,11
2026-07-04,75,Call Center,Noche,100,0.06,5,12,2,488.96,18.37,29.2,1095.5,0.6755,100,0.12,8,28441.6,21
2026-07-04,76,Calidad,Tarde,200,0.02,5,17,9,501.01,16.01,20.88,372.21,0.9538,150,0.12,12,27449.83,36
2026-07-04,77,Call Center,Noche,80,0.03,5,26,3,496.75,9.84,11.98,1104.16,0.7139,200,0.12,29,14441.48,23
2026-07-04,78,Call Center,Noche,200,0.02,3,19,11,498.46,29.99,3.02,157.23,0.7067,150,0.1,17,8927.47,24
2026-07-04,79,Logística,Noche,150,0.03,2,27,1,506.36,9.38,41.46,375.37,0.6666,200,0.15,27,25158.33,26
2026-07-04,80,Calidad,Noche,100,0.03,1,16,5,500.31,26.37,7.68,1109.68,0.8877,150,0.15,28,79282.1,20
2026-07-05,81,Producción,Mañana,100,0.015,1,22,5,517.63,25.02,11.89,1759.65,0.9202,200,0.1,20,16744.18,22
2026-07-05,82,Producción,Noche,200,0.06,11,24,7,510.49,19.26,40.24,261.7,0.6457,300,0.08,24,80764.29,19
2026-07-05,83,Logística,Noche,100,0.02,3,18,0,508.53,26.62,2.77,1446.71,0.6892,200,0.08,16,57909.87,14
2026-07-05,84,Logística,Mañana,100,0.015,1,12,3,491.96,14.98,4.76,648.06,0.8434,150,0.12,26,8757.49,18
2026-07-05,85,Logística,Tarde,200,0.03,6,17,10,506.02,16.68,24.86,703.19,0.8553,200,0.08,20,33266.4,12
2026-07-05,86,Mantenimiento,Tarde,200,0.02,2,13,9,503.66,14.62,19.76,2361.69,0.5527,200,0.08,15,32873.51,20
2026-07-05,87,Calidad,Noche,100,0.02,1,15,9,505.41,14.28,18.63,818.96,0.8201,150,0.08,8,29185.34,18
2026-07-05,88,Producción,Tarde,200,0.015,2,15,3,524.21,23.27,6.73,1496.03,0.6,100,0.12,15,24754.62,13
2026-07-05,89,Comercial,Mañana,200,0.03,5,21,7,495.98,19.51,1.07,2276.01,0.8125,150,0.08,9,34245.18,16
2026-07-05,90,Comercial,Mañana,200,0.03,3,22,8,495.82,54.07,2.6,2277.38,0.6214,100,0.1,13,189116.76,14
2026-07-05,91,Producción,Tarde,100,0.02,1,9,10,490.53,47.56,5.11,1215.49,0.7389,150,0.08,5,12550.23,28
2026-07-05,92,Producción,Noche,100,0.03,2,10,3,490.59,10.26,25.26,1999.22,0.716,150,0.1,14,12469.77,20
2026-07-05,93,Comercial,Mañana,100,0.03,2,3,14,505.12,25.38,3.71,724.1,0.6479,150,0.12,21,15340.58,28
2026-07-05,94,Mantenimiento,Tarde,100,0.04,0,16,7,502.96,28.67,24.38,1707.44,0.8379,200,0.08,15,12599.01,25
2026-07-05,95,Mantenimiento,Noche,200,0.02,4,12,7,496.54,23.63,12.98,992.93,0.8323,200,0.1,26,78430.75,33
2026-07-05,96,Comercial,Mañana,100,0.02,1,30,8,508.32,20.55,4.82,1340.38,0.7505,150,0.12,22,34194.46,18
2026-07-05,97,Comercial,Tarde,150,0.02,1,18,8,500.63,15.83,6.1,686.97,0.95,150,0.08,15,21404.55,22
2026-07-05,98,Call Center,Mañana,80,0.02,4,22,3,491.46,24.65,1.26,1008.48,0.5895,150,0.1,14,20116.82,17
2026-07-05,99,Calidad,Tarde,150,0.02,2,12,8,510.49,37.02,5.6,117.36,0.7399,150,0.1,19,51081.67,16
2026-07-05,100,Logística,Mañana,200,0.03,5,13,7,502.38,23.37,44.28,877.44,0.5402,200,0.12,26,22159.98,17
2026-07-06,101,Calidad,Mañana,80,0.015,2,16,3,503.67,25.88,31.17,2083.13,0.6393,200,0.1,14,56764.32,21
2026-07-06,102,Comercial,Mañana,100,0.02,4,24,6,498.12,17.02,0.4,678.35,0.6347,100,0.12,11,18924.6,21
2026-07-06,103,Calidad,Noche,100,0.015,0,7,7,498.49,24.47,7.88,987.79,0.8608,150,0.15,24,37792.06,23
2026-07-06,104,Call Center,Mañana,150,0.015,3,14,1,501.48,22.21,3.17,309.55,0.9138,150,0.1,16,12006.41,9
2026-07-06,105,Comercial,Mañana,100,0.02,1,26,8,501.76,13.98,2.24,732.52,0.883,300,0.08,24,25854.98,17
2026-07-06,106,Mantenimiento,Noche,150,0.03,5,16,12,499.65,18.65,14.05,2385.37,0.8838,200,0.1,33,38910.79,19
2026-07-06,107,Call Center,Noche,100,0.02,1,11,5,502.99,28.52,14.31,271.21,0.6387,200,0.1,15,77605.83,19
2026-07-06,108,Mantenimiento,Tarde,100,0.04,5,28,8,507.63,17.87,42.92,990.04,0.6365,200,0.12,28,22393.6,23
2026-07-06,109,Comercial,Noche,100,0.06,7,13,8,490.92,8.73,0.57,615.35,0.937,150,0.15,28,56195.54,25
2026-07-06,110,Call Center,Mañana,100,0.03,1,9,2,497.37,9.34,19.12,572.59,0.7486,100,0.12,13,95143.99,22
2026-07-06,111,Comercial,Noche,200,0.03,6,28,14,508.33,35.77,8.41,2143.86,0.9079,200,0.1,16,87965.47,17
2026-07-06,112,Producción,Mañana,150,0.03,7,13,11,508.43,20.42,1.59,1155.03,0.7065,300,0.15,42,62276.73,25
2026-07-06,113,Producción,Tarde,300,0.015,7,25,6,496.7,15.38,11.4,629.11,0.7126,150,0.08,8,17747.56,17
2026-07-06,114,Call Center,Noche,100,0.04,2,21,4,490.93,12.5,17.61,636.86,0.7901,200,0.08,15,16874.44,24
2026-07-06,115,Producción,Tarde,150,0.03,6,21,12,496.56,24.66,3.94,2219.5,0.9137,200,0.08,16,107103.14,16
2026-07-06,116,Call Center,Noche,100,0.02,1,16,6,489.49,15.29,14.65,1696.57,0.6996,150,0.15,19,15028.9,8
2026-07-06,117,Call Center,Mañana,200,0.04,9,15,3,496.72,15.18,43.03,929.35,0.8735,150,0.1,28,21568.77,19
2026-07-06,118,Mantenimiento,Mañana,80,0.02,1,17,2,509.72,36.23,3.15,155.57,0.8318,150,0.08,11,42770.63,23
2026-07-06,119,Calidad,Tarde,200,0.015,4,14,9,500.49,37.83,26.87,576.36,0.7749,300,0.1,31,12864.05,32
2026-07-06,120,Calidad,Noche,200,0.03,4,26,8,510.32,28.17,1.15,328.13,0.8859,150,0.1,12,41719.06,23
2026-07-07,121,Comercial,Mañana,200,0.04,8,29,0,495.26,46.35,9.27,1840.36,0.9251,150,0.1,14,39476.12,21
2026-07-07,122,Comercial,Mañana,100,0.03,3,7,8,515.41,49.86,41.16,825.53,0.8358,150,0.08,19,35408.17,9
2026-07-07,123,Calidad,Mañana,150,0.03,1,20,7,497.1,49.38,4.62,1167.54,0.9387,200,0.1,18,82689.73,17
2026-07-07,124,Producción,Noche,80,0.02,1,16,9,496.37,12.6,19.23,2424.21,0.8007,100,0.12,17,37660.65,17
2026-07-07,125,Calidad,Mañana,100,0.03,2,25,5,493.99,17.67,3.07,1640.81,0.8338,200,0.08,16,43601.13,43
2026-07-07,126,Calidad,Mañana,150,0.02,4,18,12,498.21,19.08,5.71,72.51,0.7854,150,0.12,21,45967.41,31
2026-07-07,127,Logística,Mañana,80,0.03,3,15,3,507.48,17.04,41.08,310.78,0.7503,200,0.08,13,48677.21,28
2026-07-07,128,Comercial,Mañana,80,0.03,2,13,7,498.21,18.94,14.37,231.94,0.7778,150,0.12,24,47860.0,14
2026-07-07,129,Logística,Noche,100,0.04,1,15,6,498.45,19.56,5.62,768.12,0.9224,150,0.12,15,11456.29,46
2026-07-07,130,Call Center,Mañana,100,0.02,1,25,6,509.31,31.56,36.19,660.84,0.9489,150,0.1,19,135039.74,21
2026-07-07,131,Comercial,Mañana,200,0.04,8,16,2,510.8,25.87,7.06,1283.36,0.7157,150,0.1,18,58872.38,16
2026-07-07,132,Producción,Noche,200,0.02,1,13,5,494.81,19.42,0.51,1198.65,0.8978,200,0.15,22,38237.95,31
2026-07-07,133,Comercial,Tarde,80,0.03,2,23,9,503.26,12.65,18.08,1131.83,0.9341,100,0.08,11,39543.51,14
2026-07-07,134,Mantenimiento,Tarde,200,0.04,5,14,0,504.53,27.77,1.6,1057.15,0.9688,100,0.1,6,109396.68,24
2026-07-07,135,Call Center,Mañana,100,0.03,5,25,5,501.52,13.31,21.28,1331.61,0.771,200,0.08,9,22750.92,29
2026-07-07,136,Calidad,Mañana,100,0.015,4,12,2,487.83,10.52,18.28,1619.39,0.5618,150,0.12,23,32351.8,25
2026-07-07,137,Producción,Tarde,200,0.02,5,12,3,503.83,33.27,7.24,1281.76,0.8967,300,0.1,24,46288.71,14
2026-07-07,138,Logística,Tarde,100,0.03,1,18,6,500.69,22.82,55.65,439.83,0.6435,150,0.08,11,139491.27,17
2026-07-07,139,Call Center,Tarde,100,0.015,1,21,6,498.89,12.59,16.3,303.18,0.8117,200,0.12,28,38422.0,19
2026-07-07,140,Producción,Mañana,300,0.015,6,11,7,499.11,15.58,10.43,1221.65,0.7362,150,0.08,11,20503.4,18
2026-07-08,141,Producción,Noche,200,0.03,5,21,9,507.0,27.1,13.34,564.34,0.7081,150,0.08,11,29669.54,21
2026-07-08,142,Producción,Mañana,100,0.04,2,8,5,497.2,22.85,18.67,218.62,0.7481,150,0.08,8,63371.75,18
2026-07-08,143,Calidad,Tarde,100,0.06,7,18,1,489.98,46.83,12.11,849.42,0.7265,150,0.08,8,48871.97,24
2026-07-08,144,Producción,Tarde,150,0.06,5,14,14,496.25,24.42,3.59,1560.88,0.838,200,0.12,29,118104.53,17
2026-07-08,145,Calidad,Mañana,100,0.02,2,11,7,476.36,16.7,7.97,1132.38,0.6525,200,0.08,18,31595.71,25
2026-07-08,146,Mantenimiento,Mañana,100,0.03,3,23,5,499.2,9.23,23.88,151.94,0.8731,200,0.1,20,31273.55,37
2026-07-08,147,Comercial,Tarde,200,0.03,9,20,7,513.44,12.18,1.53,318.57,0.9113,150,0.12,10,95753.87,31
2026-07-08,148,Mantenimiento,Tarde,80,0.015,3,17,9,505.91,21.12,20.22,583.61,0.9034,150,0.15,24,78087.7,33
2026-07-08,149,Mantenimiento,Tarde,200,0.03,11,11,9,500.55,21.85,8.32,1441.72,0.8284,100,0.08,7,40413.89,26
2026-07-08,150,Call Center,Mañana,200,0.04,5,29,7,502.55,36.12,25.09,1596.1,0.5651,200,0.12,26,23364.78,26
2026-07-08,151,Calidad,Tarde,100,0.015,2,21,6,504.8,30.81,2.0,1676.43,0.737,200,0.08,15,34828.1,21
2026-07-08,152,Comercial,Mañana,100,0.06,5,18,5,501.31,21.26,12.76,416.61,0.8514,200,0.1,19,30179.87,20
2026-07-08,153,Calidad,Noche,200,0.03,5,13,6,492.95,17.57,0.0,1980.93,0.7315,100,0.12,17,14822.2,19
2026-07-08,154,Comercial,Mañana,100,0.03,4,9,1,498.37,15.46,20.26,992.93,0.6457,150,0.15,25,109466.24,15
2026-07-08,155,Calidad,Mañana,300,0.04,8,18,4,494.53,15.0,1.27,500.46,0.5597,300,0.15,39,29136.4,19
2026-07-08,156,Mantenimiento,Tarde,100,0.04,2,14,7,497.71,27.49,3.33,1726.01,0.5494,300,0.12,40,34714.39,20
2026-07-08,157,Call Center,Tarde,150,0.015,3,10,7,498.09,19.97,3.55,814.6,0.7187,200,0.1,21,24237.93,41
2026-07-08,158,Mantenimiento,Tarde,150,0.04,3,14,5,498.35,32.8,16.54,1322.37,0.7452,200,0.08,11,50358.28,35
2026-07-08,159,Calidad,Mañana,80,0.03,2,13,3,499.92,19.16,2.37,688.32,0.6041,150,0.08,9,26984.19,24
2026-07-08,160,Call Center,Mañana,100,0.06,7,22,5,507.15,16.29,7.8,1953.01,0.3866,150,0.12,16,52368.32,32
2026-07-09,161,Call Center,Tarde,150,0.03,6,19,8,499.42,44.66,4.38,2375.89,0.9727,200,0.1,19,26632.1,9
2026-07-09,162,Call Center,Tarde,300,0.02,7,21,9,497.65,25.04,9.0,937.61,0.7591,200,0.12,20,24452.57,17
2026-07-09,163,Call Center,Noche,200,0.03,7,9,9,496.7,15.38,13.69,1082.77,0.6433,300,0.12,46,11853.82,25
2026-07-09,164,Producción,Noche,150,0.02,3,16,6,502.66,8.34,24.05,193.36,0.7096,200,0.12,24,27286.75,23
2026-07-09,165,Producción,Noche,150,0.03,3,15,4,495.08,23.09,0.67,237.57,0.8398,150,0.08,11,126457.78,19
2026-07-09,166,Call Center,Mañana,100,0.02,0,26,8,512.91,23.15,14.23,600.19,0.8022,100,0.08,13,82109.39,22
2026-07-09,167,Mantenimiento,Tarde,80,0.03,5,11,11,499.18,43.77,4.61,1172.23,0.8025,300,0.08,19,54553.05,22
2026-07-09,168,Mantenimiento,Mañana,80,0.015,1,26,10,495.11,33.38,47.71,529.31,0.8349,150,0.1,23,34815.68,27
2026-07-09,169,Comercial,Noche,300,0.02,8,21,7,514.03,10.6,10.58,1421.35,0.9453,150,0.08,13,126434.39,23
2026-07-09,170,Comercial,Mañana,100,0.03,0,22,13,509.0,14.96,14.36,852.01,0.7137,100,0.15,15,22428.13,20
2026-07-09,171,Producción,Tarde,200,0.02,2,10,6,499.51,32.75,22.26,2634.1,0.5714,100,0.12,8,215186.56,13
2026-07-09,172,Calidad,Mañana,200,0.015,4,23,11,494.99,13.55,9.34,3457.92,0.8154,150,0.1,13,37030.05,15
2026-07-09,173,Comercial,Tarde,100,0.06,10,25,2,509.28,17.0,23.78,3058.14,0.9504,150,0.15,27,245053.46,15
2026-07-09,174,Comercial,Noche,200,0.03,12,18,5,499.72,34.23,4.9,560.56,0.7211,300,0.1,36,190418.3,16
2026-07-09,175,Mantenimiento,Mañana,200,0.03,7,10,9,492.15,32.08,24.0,234.76,0.8312,150,0.1,12,11421.58,31
2026-07-09,176,Comercial,Mañana,100,0.03,4,13,4,480.89,10.83,2.59,2235.4,0.8319,150,0.08,10,13411.3,12
2026-07-09,177,Mantenimiento,Mañana,100,0.03,2,25,2,503.46,25.09,33.54,766.03,0.5359,100,0.1,9,75912.74,25
2026-07-09,178,Comercial,Mañana,100,0.02,3,22,11,505.32,31.1,39.57,1090.91,0.733,150,0.1,12,33585.53,19
2026-07-09,179,Producción,Mañana,100,0.02,1,30,6,512.03,6.88,0.63,1212.46,0.8608,100,0.12,15,4927.92,16
2026-07-09,180,Call Center,Mañana,200,0.04,9,7,2,524.5,34.99,22.3,368.39,0.7052,300,0.1,27,11092.07,28
2026-07-10,181,Comercial,Mañana,200,0.04,14,15,6,503.79,31.32,11.07,243.58,0.9663,150,0.1,10,31116.35,19
2026-07-10,182,Comercial,Noche,200,0.03,7,14,6,502.07,16.46,9.85,1676.39,0.786,100,0.15,18,9293.4,16
2026-07-10,183,Calidad,Noche,200,0.02,3,17,1,500.67,16.17,30.82,716.88,0.957,200,0.12,25,64504.11,13
2026-07-10,184,Calidad,Tarde,100,0.015,2,19,11,505.81,12.34,22.42,481.76,0.6962,100,0.12,12,32552.88,31
2026-07-10,185,Producción,Noche,100,0.015,2,19,6,505.97,18.5,1.97,1245.16,0.7172,150,0.08,10,28500.18,19
2026-07-10,186,Comercial,Noche,100,0.03,2,16,9,489.05,26.45,20.19,2559.5,0.8556,100,0.12,16,62034.19,22
2026-07-10,187,Logística,Tarde,100,0.02,1,23,6,492.96,24.83,31.17,577.31,0.4659,100,0.15,13,18976.0,33
2026-07-10,188,Mantenimiento,Noche,300,0.03,11,8,3,494.1,21.38,9.69,465.94,0.8472,100,0.08,8,63913.98,29
2026-07-10,189,Producción,Tarde,200,0.015,2,12,11,496.33,15.62,23.97,706.82,0.6809,300,0.1,34,34361.47,21
2026-07-10,190,Mantenimiento,Tarde,80,0.02,2,19,10,498.45,10.92,97.86,948.04,0.768,150,0.12,19,36420.75,17
2026-07-10,191,Call Center,Mañana,150,0.02,5,25,4,495.16,28.77,3.24,835.74,0.7453,100,0.15,16,55372.86,22
2026-07-10,192,Producción,Noche,100,0.03,2,24,5,485.32,13.24,4.92,648.49,0.9251,200,0.12,19,12114.59,18
2026-07-10,193,Logística,Tarde,150,0.015,3,14,14,528.66,35.98,18.65,125.23,0.8083,100,0.1,10,17467.42,24
2026-07-10,194,Logística,Mañana,200,0.02,2,21,10,499.99,29.84,30.65,2541.61,0.5249,150,0.1,10,26158.37,26
2026-07-10,195,Calidad,Tarde,200,0.015,1,21,9,491.05,23.62,10.04,456.21,0.7534,200,0.15,30,34210.83,26
2026-07-10,196,Comercial,Noche,150,0.02,3,25,6,503.18,20.05,3.33,918.0,0.8011,200,0.1,19,29464.32,26
2026-07-10,197,Calidad,Mañana,100,0.02,3,14,5,502.77,18.89,7.82,1377.94,0.8427,150,0.08,9,56623.1,18
2026-07-10,198,Comercial,Mañana,200,0.03,12,18,0,497.61,27.51,12.83,676.88,0.8917,150,0.08,6,10308.04,14
2026-07-10,199,Comercial,Tarde,300,0.03,11,14,8,504.35,32.36,2.63,1667.7,0.8466,150,0.1,14,21431.3,24
2026-07-10,200,Mantenimiento,Tarde,150,0.03,3,10,2,501.36,15.54,2.62,429.59,0.7047,200,0.08,13,53494.82,20
2026-07-11,201,Calidad,Mañana,80,0.03,2,26,7,499.96,15.71,2.37,827.7,0.8964,150,0.1,11,55028.96,14
2026-07-11,202,Logística,Tarde,100,0.03,1,28,10,506.5,31.17,16.8,466.37,0.8658,150,0.1,8,39769.04,21
2026-07-11,203,Mantenimiento,Tarde,150,0.03,7,16,5,504.11,19.25,1.22,1058.03,0.7689,200,0.08,20,111652.11,20
2026-07-11,204,Comercial,Noche,150,0.04,5,23,7,503.29,15.22,27.08,799.88,0.774,200,0.1,20,10948.22,21
2026-07-11,205,Logística,Noche,100,0.06,7,18,4,489.47,7.16,0.97,195.89,0.5884,200,0.08,13,7812.54,16
2026-07-11,206,Producción,Noche,200,0.04,7,13,2,496.04,21.53,11.03,2168.35,0.8141,150,0.1,16,18249.75,17
2026-07-11,207,Calidad,Noche,150,0.04,7,12,9,504.49,9.86,1.66,846.75,0.7104,150,0.1,14,46320.62,31
2026-07-11,208,Comercial,Tarde,80,0.04,2,7,9,504.16,12.42,53.07,1478.56,0.565,300,0.1,34,55327.21,21
2026-07-11,209,Producción,Mañana,100,0.015,1,16,8,506.22,12.75,53.49,628.33,0.7165,200,0.12,26,33725.18,15
2026-07-11,210,Mantenimiento,Tarde,100,0.03,3,18,7,504.03,15.76,1.5,939.18,0.7984,200,0.08,19,35534.59,28
2026-07-11,211,Calidad,Mañana,150,0.02,5,16,3,509.3,17.58,14.56,1914.83,0.7967,150,0.12,14,31844.21,15
2026-07-11,212,Producción,Noche,150,0.015,2,16,3,484.21,13.51,15.48,445.79,0.6692,150,0.1,7,138849.25,20
2026-07-11,213,Mantenimiento,Tarde,80,0.03,5,14,7,483.38,17.41,8.72,1727.57,0.5915,300,0.1,30,8372.18,24
2026-07-11,214,Logística,Noche,100,0.015,1,21,4,508.61,47.14,2.16,835.79,0.6186,200,0.12,25,37627.86,23
2026-07-11,215,Mantenimiento,Noche,100,0.03,3,18,7,502.79,28.43,35.26,320.64,0.6472,150,0.1,13,23623.96,20
2026-07-11,216,Logística,Mañana,100,0.03,5,18,3,496.31,11.58,14.59,1022.67,0.7656,200,0.08,15,24307.25,21
2026-07-11,217,Producción,Noche,80,0.04,2,24,13,503.82,13.58,31.24,1736.63,0.7444,150,0.12,12,26425.16,15
2026-07-11,218,Logística,Noche,100,0.015,4,19,8,508.64,34.39,11.67,3003.62,0.9369,150,0.08,3,18810.16,25
2026-07-11,219,Call Center,Tarde,150,0.06,7,11,6,490.52,25.6,10.11,657.54,0.5443,150,0.1,15,81566.7,41
2026-07-11,220,Calidad,Mañana,200,0.03,8,15,5,495.44,19.38,10.22,1562.32,0.9075,200,0.08,8,17123.81,24
2026-07-12,221,Producción,Tarde,100,0.02,4,27,7,500.3,14.18,45.13,1926.52,0.8713,300,0.15,48,24733.32,22
2026-07-12,222,Logística,Mañana,80,0.02,4,28,7,490.9,14.35,3.56,1105.63,0.7818,150,0.15,22,33024.95,12
2026-07-12,223,Calidad,Tarde,200,0.02,5,10,16,500.24,12.36,11.11,1910.78,0.6864,200,0.08,14,10246.12,9
2026-07-12,224,Mantenimiento,Noche,150,0.02,1,12,7,497.89,17.52,43.51,1169.98,0.6495,100,0.1,11,10662.04,26
2026-07-12,225,Logística,Mañana,100,0.015,1,19,7,496.64,16.86,38.54,137.79,0.5636,200,0.1,20,84740.15,42
2026-07-12,226,Producción,Tarde,100,0.015,3,18,2,507.25,43.02,31.68,1489.26,0.7316,200,0.12,22,10876.78,21
2026-07-12,227,Comercial,Noche,100,0.015,4,9,11,514.35,10.66,0.71,499.88,0.7393,150,0.08,10,19254.33,21
2026-07-12,228,Call Center,Noche,100,0.03,5,6,9,492.97,28.26,15.91,895.2,0.7044,200,0.12,23,8630.56,19
2026-07-12,229,Calidad,Mañana,300,0.02,7,9,13,499.98,16.61,3.03,493.5,0.9336,150,0.08,12,64362.44,22
2026-07-12,230,Calidad,Noche,200,0.02,4,22,3,514.25,35.59,0.8,579.81,0.786,100,0.08,6,47438.77,44
2026-07-12,231,Mantenimiento,Noche,100,0.03,5,21,4,501.95,19.7,5.98,918.3,0.6447,300,0.12,39,18171.47,34
2026-07-12,232,Calidad,Tarde,150,0.04,3,31,9,507.78,9.91,4.98,952.43,0.5842,150,0.15,26,19202.39,15
2026-07-12,233,Comercial,Noche,100,0.02,3,21,7,491.44,18.1,13.15,368.59,0.9082,150,0.08,10,12771.49,25
2026-07-12,234,Mantenimiento,Tarde,200,0.06,17,20,6,500.21,21.68,7.44,937.61,0.6886,200,0.15,24,64942.73,18
2026-07-12,235,Mantenimiento,Mañana,80,0.03,4,18,8,491.88,17.88,3.8,1270.69,0.9709,300,0.12,33,24263.26,18
2026-07-12,236,Logística,Tarde,150,0.03,1,13,6,505.01,20.69,8.15,1213.24,0.8995,100,0.15,18,21810.49,25
2026-07-12,237,Calidad,Tarde,80,0.06,5,14,7,497.27,22.93,3.88,544.97,0.6418,300,0.15,40,64816.41,28
2026-07-12,238,Mantenimiento,Noche,100,0.03,3,13,6,488.53,24.12,21.94,907.56,0.7725,150,0.1,12,85254.0,31
2026-07-12,239,Mantenimiento,Noche,100,0.015,1,17,5,492.84,9.94,18.89,154.6,0.6259,150,0.15,25,56280.34,19
2026-07-12,240,Calidad,Tarde,100,0.03,7,13,6,515.94,27.81,8.91,849.92,0.8143,200,0.12,21,26661.07,17
2026-07-13,241,Comercial,Tarde,100,0.015,3,9,2,508.9,13.59,14.67,609.88,0.6775,150,0.12,23,10799.82,21
2026-07-13,242,Comercial,Noche,100,0.06,5,15,9,495.66,8.62,2.68,885.69,0.5116,300,0.1,34,15976.9,14
2026-07-13,243,Mantenimiento,Mañana,100,0.03,5,6,4,499.19,27.75,7.13,1154.75,0.8845,150,0.12,12,35679.58,24
2026-07-13,244,Mantenimiento,Mañana,100,0.03,3,18,2,479.17,32.69,7.78,833.22,0.8033,100,0.12,10,33533.77,26
2026-07-13,245,Call Center,Mañana,300,0.02,7,18,5,508.78,21.12,45.43,243.71,0.9709,100,0.08,8,47218.02,26
2026-07-13,246,Mantenimiento,Noche,100,0.015,0,18,8,501.17,13.47,15.62,1926.15,0.9036,150,0.08,10,51403.93,20
2026-07-13,247,Logística,Tarde,100,0.02,2,15,10,496.19,22.25,7.12,1184.15,0.7072,150,0.12,18,20075.09,15
2026-07-13,248,Producción,Noche,100,0.015,3,24,7,492.83,29.6,7.54,1485.66,0.7943,200,0.12,33,74645.51,9
2026-07-13,249,Mantenimiento,Tarde,300,0.03,10,10,9,488.49,14.11,102.76,1440.59,0.486,200,0.12,24,11643.84,15
2026-07-13,250,Mantenimiento,Noche,300,0.02,10,23,7,496.71,29.01,4.21,1261.7,0.9033,150,0.1,16,43474.9,17
2026-07-13,251,Calidad,Tarde,100,0.03,1,14,6,506.65,37.42,17.64,650.39,0.7554,200,0.08,14,78584.04,27
2026-07-13,252,Calidad,Tarde,80,0.06,5,23,5,493.15,16.94,5.5,196.64,0.6403,100,0.08,4,47041.64,14
2026-07-13,253,Mantenimiento,Mañana,100,0.03,2,32,8,493.28,17.67,37.66,451.77,0.9368,300,0.1,29,31292.13,25
2026-07-13,254,Call Center,Tarde,200,0.02,2,10,6,496.26,10.87,65.11,511.3,0.5885,150,0.12,12,146381.22,14
2026-07-13,255,Logística,Mañana,150,0.04,3,16,8,500.97,32.59,4.5,629.97,0.5813,150,0.1,9,17948.1,14
2026-07-13,256,Mantenimiento,Mañana,150,0.03,3,19,9,502.52,17.75,8.13,1216.21,0.6487,200,0.12,31,13657.56,29
2026-07-13,257,Producción,Mañana,80,0.03,0,24,4,497.18,21.93,5.79,181.42,0.8459,150,0.15,23,62847.24,20
2026-07-13,258,Call Center,Tarde,100,0.03,2,15,6,506.3,32.51,1.81,2022.23,0.7049,200,0.08,20,18899.11,22
2026-07-13,259,Logística,Mañana,100,0.03,4,17,11,500.89,18.99,1.88,633.42,0.6322,150,0.08,14,15666.63,15
2026-07-13,260,Logística,Tarde,200,0.015,1,15,6,498.64,20.99,7.3,900.36,0.949,200,0.12,21,9903.61,25
2026-07-14,261,Producción,Noche,100,0.02,1,9,11,510.29,11.05,30.49,2748.57,0.7611,150,0.1,17,32801.51,30
2026-07-14,262,Call Center,Noche,200,0.02,3,16,5,507.84,29.43,16.88,2420.98,0.7876,300,0.1,27,38009.52,17
2026-07-14,263,Comercial,Tarde,150,0.02,6,10,6,487.25,9.97,27.53,2325.89,0.8776,150,0.08,13,11200.7,28
2026-07-14,264,Calidad,Mañana,150,0.02,3,13,1,498.59,14.96,4.96,2105.37,0.6305,150,0.08,11,25300.06,23
2026-07-14,265,Logística,Mañana,100,0.03,1,11,3,497.71,18.09,25.75,120.49,0.4488,150,0.1,17,27032.02,20
2026-07-14,266,Comercial,Tarde,100,0.03,2,13,4,502.65,26.92,2.98,1351.4,0.8483,200,0.08,17,24674.77,25
2026-07-14,267,Calidad,Mañana,300,0.015,5,21,11,502.84,15.44,0.4,1610.16,0.9539,100,0.08,8,127245.97,20
2026-07-14,268,Comercial,Tarde,100,0.015,1,31,3,501.01,27.4,17.31,1222.51,0.7528,200,0.08,10,51075.87,11
2026-07-14,269,Logística,Noche,100,0.02,2,13,8,499.24,34.83,24.55,1177.24,0.5876,300,0.1,29,52360.17,17
2026-07-14,270,Logística,Tarde,150,0.06,11,22,4,503.61,18.55,4.78,906.84,0.8275,200,0.08,12,113095.5,20
2026-07-14,271,Comercial,Noche,200,0.03,5,9,7,501.43,14.8,1.69,2289.9,0.7585,150,0.15,30,60717.27,21
2026-07-14,272,Calidad,Tarde,150,0.02,0,12,4,499.98,41.75,2.92,1095.13,0.844,300,0.1,24,17855.48,16
2026-07-14,273,Comercial,Mañana,80,0.04,7,11,5,509.96,23.11,2.25,1525.44,0.6811,300,0.08,26,47722.42,29
2026-07-14,274,Logística,Mañana,300,0.02,8,20,2,499.4,12.01,37.18,1340.46,0.5994,100,0.08,12,91828.0,31
2026-07-14,275,Producción,Tarde,100,0.015,3,8,5,498.34,26.05,3.69,1235.99,0.7154,300,0.15,37,26916.76,12
2026-07-14,276,Calidad,Noche,100,0.04,5,27,9,489.53,24.53,29.25,786.87,0.5063,150,0.12,12,18743.45,24
2026-07-14,277,Comercial,Noche,200,0.015,5,26,7,501.84,16.9,3.42,743.41,0.7944,150,0.1,15,43342.71,23
2026-07-14,278,Producción,Noche,200,0.015,2,28,7,503.44,12.89,18.4,1811.93,0.8483,300,0.08,14,24470.9,26
2026-07-14,279,Producción,Noche,100,0.03,5,13,6,498.2,39.63,16.79,1150.51,0.6041,150,0.1,14,40429.17,12
2026-07-14,280,Mantenimiento,Tarde,100,0.02,2,15,4,496.61,51.75,22.1,484.43,0.8661,100,0.1,7,13343.99,24
2026-07-15,281,Call Center,Mañana,100,0.015,2,13,3,491.26,30.77,0.22,1008.86,0.7944,200,0.15,35,13408.79,21
2026-07-15,282,Producción,Tarde,200,0.03,3,24,13,496.23,11.52,3.49,1423.53,0.8305,100,0.08,8,10086.87,14
2026-07-15,283,Comercial,Tarde,150,0.03,2,7,5,512.64,20.73,0.36,1273.42,0.5774,150,0.08,10,52931.03,21
2026-07-15,284,Producción,Mañana,100,0.06,3,20,7,503.57,24.21,1.07,420.71,0.5237,150,0.08,12,17572.96,33
2026-07-15,285,Producción,Tarde,200,0.04,7,9,6,505.97,15.84,88.82,396.15,0.8078,150,0.1,13,57643.15,20
2026-07-15,286,Comercial,Tarde,200,0.03,10,12,14,501.76,26.89,10.41,216.69,0.6743,150,0.08,9,36121.69,24
2026-07-15,287,Producción,Tarde,200,0.04,9,14,5,491.68,12.72,4.34,1117.57,0.6653,200,0.12,26,31371.01,15
2026-07-15,288,Logística,Tarde,100,0.04,8,14,9,510.47,29.35,37.07,546.69,0.8694,150,0.1,15,35810.22,19
2026-07-15,289,Producción,Tarde,150,0.03,2,9,10,496.12,25.98,5.78,1631.23,0.9133,200,0.15,31,60818.67,35
2026-07-15,290,Comercial,Mañana,150,0.015,2,21,3,508.03,8.28,7.17,1373.11,0.5029,200,0.1,11,15563.39,23
2026-07-15,291,Mantenimiento,Tarde,100,0.02,1,13,6,510.37,11.86,15.54,976.0,0.8224,100,0.1,6,10660.82,18
2026-07-15,292,Producción,Tarde,80,0.03,1,24,7,515.78,17.92,2.05,1699.84,0.6247,300,0.1,29,30726.43,29
2026-07-15,293,Producción,Noche,150,0.04,6,10,14,498.08,25.4,8.98,985.81,0.8061,100,0.15,17,8563.84,21
2026-07-15,294,Mantenimiento,Noche,100,0.03,4,23,5,506.58,11.56,10.21,281.78,0.8765,150,0.08,17,84894.86,22
2026-07-15,295,Comercial,Tarde,200,0.015,2,16,17,482.98,22.5,5.63,1502.52,0.9444,200,0.1,16,82764.54,27
2026-07-15,296,Call Center,Noche,100,0.02,2,16,7,503.64,20.05,30.91,1726.03,0.8376,300,0.08,17,16596.41,18
2026-07-15,297,Calidad,Tarde,150,0.015,2,10,2,492.28,25.7,1.76,1413.27,0.7216,150,0.1,15,140901.65,31
2026-07-15,298,Logística,Mañana,200,0.04,8,34,5,504.36,62.92,5.58,1904.76,0.6811,200,0.1,15,30758.63,22
2026-07-15,299,Call Center,Noche,80,0.015,1,18,7,505.39,14.57,26.52,717.6,0.6308,150,0.1,17,20388.32,28
2026-07-15,300,Comercial,Noche,80,0.02,1,10,6,503.18,20.03,23.01,319.28,0.728,150,0.08,12,136846.71,29
2026-07-16,301,Logística,Tarde,300,0.04,15,16,6,515.91,14.59,22.18,778.22,0.4766,150,0.15,24,11894.3,17
2026-07-16,302,Call Center,Tarde,300,0.04,9,20,12,506.87,25.25,18.96,1734.05,0.8513,100,0.12,15,38981.75,24
2026-07-16,303,Producción,Mañana,200,0.02,2,16,6,498.98,14.92,37.62,673.73,0.8001,150,0.15,29,8332.38,20
2026-07-16,304,Comercial,Tarde,150,0.06,19,14,0,497.0,21.02,20.9,667.73,0.5468,150,0.1,12,12295.69,27
2026-07-16,305,Producción,Mañana,100,0.02,0,13,11,500.27,13.33,6.33,1384.17,0.787,100,0.15,17,11176.89,19
2026-07-16,306,Producción,Mañana,100,0.03,1,16,5,484.28,23.06,11.26,1309.9,0.7285,300,0.15,50,25078.04,28
2026-07-16,307,Logística,Noche,200,0.03,1,7,3,495.61,6.06,56.23,545.24,0.7189,150,0.1,10,123278.31,21
2026-07-16,308,Producción,Noche,100,0.03,3,14,5,493.46,23.31,11.11,1866.52,0.6943,150,0.12,21,35255.57,13
2026-07-16,309,Comercial,Tarde,100,0.02,1,8,8,496.04,35.97,1.35,1311.51,0.9337,300,0.1,35,13051.64,15
2026-07-16,310,Calidad,Mañana,80,0.015,1,19,3,498.21,12.17,7.91,1539.26,0.6949,150,0.1,15,12447.86,12
2026-07-16,311,Producción,Tarde,200,0.015,0,20,11,494.84,15.59,7.22,1135.09,0.8618,200,0.08,18,21866.8,17
2026-07-16,312,Mantenimiento,Mañana,300,0.015,4,12,6,497.53,15.64,4.59,1009.67,0.8065,200,0.1,17,77524.07,12
2026-07-16,313,Mantenimiento,Mañana,200,0.04,8,18,6,494.03,23.3,10.78,654.92,0.7369,150,0.1,19,24158.91,21
2026-07-16,314,Calidad,Mañana,100,0.03,3,24,3,505.25,8.53,3.75,1745.84,0.8171,150,0.1,11,69614.79,23
2026-07-16,315,Call Center,Noche,200,0.015,6,16,5,506.83,12.69,20.96,1543.07,0.8944,200,0.08,14,25854.58,25
2026-07-16,316,Calidad,Tarde,100,0.03,6,17,7,501.16,21.23,9.17,1170.07,0.8934,150,0.12,13,33148.29,12
2026-07-16,317,Call Center,Noche,150,0.015,1,18,13,492.59,28.18,28.06,1413.33,0.8655,200,0.1,23,42343.14,29
2026-07-16,318,Comercial,Mañana,100,0.03,4,15,9,507.39,14.01,29.99,1743.45,0.6893,150,0.1,15,38358.26,16
2026-07-16,319,Producción,Noche,200,0.02,1,14,6,500.72,16.49,13.09,621.16,0.8238,150,0.12,18,38311.74,22
2026-07-16,320,Call Center,Tarde,100,0.06,2,26,2,508.79,32.1,1.9,1367.41,0.7785,150,0.08,12,28144.65,9
2026-07-17,321,Call Center,Mañana,100,0.015,1,16,3,505.21,28.39,16.72,1167.75,0.7682,200,0.15,35,16343.96,12
2026-07-17,322,Mantenimiento,Noche,80,0.02,0,7,8,497.71,13.36,24.37,1454.37,0.5886,150,0.1,15,128948.87,17
2026-07-17,323,Producción,Mañana,100,0.015,4,14,6,506.23,22.76,7.07,666.81,0.8543,150,0.12,13,94565.97,41
2026-07-17,324,Calidad,Tarde,100,0.02,1,12,8,497.42,18.95,5.43,483.7,0.7088,300,0.15,44,50023.39,21
2026-07-17,325,Mantenimiento,Mañana,100,0.02,2,22,8,484.28,8.69,5.38,196.42,0.8538,200,0.12,24,23454.56,41
2026-07-17,326,Producción,Noche,150,0.02,7,12,5,495.59,44.11,25.49,564.7,0.7998,200,0.1,21,15439.71,23
2026-07-17,327,Call Center,Mañana,150,0.06,8,16,3,507.25,14.0,3.39,348.82,0.7523,150,0.15,25,24793.33,18
2026-07-17,328,Comercial,Mañana,150,0.04,6,22,0,504.34,50.28,14.51,178.45,0.8291,200,0.12,24,25584.21,36
2026-07-17,329,Calidad,Tarde,80,0.04,3,16,6,507.22,12.63,12.96,588.83,0.5497,200,0.1,19,13594.21,22
2026-07-17,330,Mantenimiento,Tarde,150,0.04,9,7,5,500.63,10.37,3.4,684.95,0.7788,150,0.08,13,38040.64,24
2026-07-17,331,Producción,Noche,100,0.03,1,17,7,491.08,40.35,7.28,1653.28,0.9319,150,0.1,22,39660.39,18
2026-07-17,332,Comercial,Noche,300,0.015,5,24,8,488.69,14.28,10.8,802.61,0.806,150,0.12,22,15203.53,19
2026-07-17,333,Logística,Tarde,300,0.04,8,11,2,486.48,19.45,68.92,1798.82,0.7979,150,0.15,20,15410.55,32
2026-07-17,334,Comercial,Noche,80,0.03,2,12,3,497.53,10.84,4.77,965.39,0.7251,200,0.08,19,21948.67,26
2026-07-17,335,Comercial,Tarde,100,0.03,1,27,8,486.32,14.68,18.08,1822.36,0.8192,200,0.1,26,80575.55,20
2026-07-17,336,Comercial,Tarde,300,0.02,4,13,9,519.86,21.89,12.57,966.12,0.8406,300,0.08,21,131155.31,18
2026-07-17,337,Mantenimiento,Noche,200,0.02,3,29,4,509.96,26.98,7.04,1675.81,0.8321,200,0.1,26,40079.0,18
2026-07-17,338,Call Center,Tarde,150,0.02,2,34,12,523.64,28.63,65.72,1962.61,0.8735,200,0.1,21,43184.96,17
2026-07-17,339,Logística,Mañana,100,0.02,0,14,4,504.73,10.86,5.09,87.88,0.8052,150,0.1,13,14711.62,9
2026-07-17,340,Producción,Tarde,80,0.03,2,19,5,516.68,20.04,14.14,1415.55,0.5806,150,0.1,18,18448.62,28
2026-07-18,341,Comercial,Tarde,200,0.06,7,15,3,501.25,24.01,9.48,2233.37,0.8756,150,0.1,16,22151.61,24
2026-07-18,342,Producción,Mañana,100,0.04,3,16,8,495.94,36.47,84.4,935.83,0.5917,300,0.12,32,11932.81,26
2026-07-18,343,Logística,Tarde,200,0.03,7,12,8,515.78,17.75,8.88,996.73,0.7766,200,0.15,39,14014.88,29
2026-07-18,344,Calidad,Noche,150,0.02,3,19,10,501.17,35.67,8.67,2095.04,0.9823,150,0.08,16,179044.97,6
2026-07-18,345,Logística,Mañana,100,0.03,1,19,0,488.08,24.03,3.75,654.54,0.8695,150,0.08,15,124037.78,17
2026-07-18,346,Logística,Tarde,80,0.06,3,24,4,504.66,57.07,19.53,375.45,0.5641,300,0.08,21,61261.2,15
2026-07-18,347,Logística,Noche,200,0.03,5,15,8,494.39,26.18,4.68,1021.16,0.6074,150,0.08,11,38892.17,25
2026-07-18,348,Calidad,Mañana,200,0.015,3,15,7,495.18,63.1,21.57,876.95,0.8174,200,0.12,20,32940.17,33
2026-07-18,349,Mantenimiento,Mañana,80,0.03,2,18,3,505.26,18.7,32.68,271.99,0.8397,200,0.12,27,10361.25,19
2026-07-18,350,Call Center,Noche,200,0.03,9,16,4,492.23,22.48,2.33,771.58,0.9386,300,0.12,41,40683.67,31
2026-07-18,351,Mantenimiento,Noche,150,0.04,5,19,7,509.77,7.65,1.23,1182.09,0.752,150,0.1,10,26826.61,26
2026-07-18,352,Mantenimiento,Mañana,100,0.03,3,11,6,497.96,18.36,6.74,1001.62,0.8096,150,0.1,14,22760.34,16
2026-07-18,353,Call Center,Tarde,100,0.04,6,7,4,505.24,27.0,9.81,1103.95,0.7909,200,0.1,16,70880.15,37
2026-07-18,354,Logística,Noche,80,0.03,3,14,7,497.45,33.91,21.82,1070.6,0.6399,150,0.15,18,40035.62,20
2026-07-18,355,Call Center,Tarde,100,0.06,4,23,12,492.12,30.22,37.97,761.88,0.7538,200,0.1,25,91031.81,28
2026-07-18,356,Calidad,Mañana,200,0.02,4,11,7,506.6,17.95,46.4,1271.58,0.6853,100,0.15,15,214593.18,15
2026-07-18,357,Call Center,Tarde,200,0.015,2,11,11,490.2,12.48,0.42,407.56,0.6181,150,0.12,21,8544.44,19
2026-07-18,358,Comercial,Noche,200,0.015,1,10,4,489.01,15.85,2.53,1616.77,0.9518,300,0.1,29,46066.13,16
2026-07-18,359,Calidad,Noche,100,0.02,1,18,5,500.68,48.71,37.66,2055.26,0.692,150,0.1,16,115244.96,17
2026-07-18,360,Call Center,Tarde,200,0.02,4,28,9,480.97,17.45,35.7,1727.12,0.8146,200,0.1,27,49835.31,21
2026-07-19,361,Calidad,Tarde,100,0.04,5,16,5,487.7,55.21,67.88,1218.28,0.7931,200,0.12,35,40699.88,17
2026-07-19,362,Logística,Tarde,100,0.03,3,9,5,509.94,27.56,41.75,1983.41,0.6328,100,0.12,13,23465.33,23
2026-07-19,363,Call Center,Noche,100,0.015,1,27,8,489.08,33.99,11.17,645.69,0.7935,150,0.12,18,35250.15,19
2026-07-19,364,Producción,Noche,200,0.03,7,32,15,504.39,10.54,10.38,1386.7,0.7173,150,0.08,8,15043.54,13
2026-07-19,365,Comercial,Noche,100,0.03,4,17,8,501.44,9.76,14.53,1395.38,0.8269,200,0.08,15,26379.37,15
2026-07-19,366,Mantenimiento,Tarde,100,0.015,0,18,5,485.37,15.73,52.9,1148.16,0.5994,150,0.1,11,28022.13,39
2026-07-19,367,Mantenimiento,Tarde,150,0.02,1,23,5,500.92,18.45,0.08,637.22,0.8661,300,0.12,42,41658.39,23
2026-07-19,368,Call Center,Tarde,300,0.02,10,20,7,492.14,32.71,11.82,215.36,0.7744,200,0.12,21,60616.46,21
2026-07-19,369,Calidad,Tarde,100,0.02,4,21,3,507.51,9.82,46.76,789.94,0.4827,300,0.1,35,40974.25,15
2026-07-19,370,Logística,Noche,200,0.015,3,12,9,497.45,20.64,35.62,479.05,0.7536,100,0.1,8,28372.28,22
2026-07-19,371,Producción,Tarde,200,0.015,1,16,4,499.2,13.9,31.78,1149.05,0.6227,150,0.1,14,112898.61,24
2026-07-19,372,Producción,Mañana,300,0.02,5,21,6,496.8,13.66,7.35,208.8,0.8072,200,0.1,15,60305.91,14
2026-07-19,373,Call Center,Mañana,100,0.015,2,21,5,502.24,34.05,42.61,988.95,0.6514,200,0.1,19,49885.15,21
2026-07-19,374,Comercial,Noche,300,0.03,14,14,11,495.27,21.01,25.27,640.57,0.7352,150,0.12,24,72862.7,12
2026-07-19,375,Calidad,Tarde,200,0.03,7,19,9,505.18,34.72,53.91,1578.51,0.8268,100,0.1,14,83689.41,12
2026-07-19,376,Comercial,Noche,300,0.015,6,11,1,489.31,19.33,9.75,2059.68,0.7392,150,0.12,19,4491.92,22
2026-07-19,377,Producción,Mañana,200,0.02,2,15,9,495.88,27.94,7.9,1099.23,0.8979,300,0.08,20,23605.64,22
2026-07-19,378,Calidad,Noche,150,0.02,1,12,10,510.59,11.7,5.9,1093.32,0.8708,300,0.08,19,15011.89,16
2026-07-19,379,Call Center,Mañana,150,0.06,18,17,4,499.9,14.5,2.32,1763.66,0.4585,150,0.12,14,141768.9,17
2026-07-19,380,Call Center,Mañana,100,0.02,2,19,7,500.44,13.42,35.13,1408.74,0.8977,200,0.15,30,19188.86,18
2026-07-20,381,Calidad,Tarde,100,0.03,2,9,8,502.36,25.52,6.32,1078.12,0.7317,300,0.1,29,87258.16,28
2026-07-20,382,Call Center,Tarde,80,0.06,3,21,4,494.61,17.59,4.95,1003.47,0.6115,300,0.12,23,49395.31,9
2026-07-20,383,Mantenimiento,Tarde,150,0.04,8,24,3,498.69,24.51,72.35,263.08,0.8742,150,0.15,28,71177.86,25
2026-07-20,384,Logística,Tarde,100,0.03,2,14,9,499.79,35.64,4.4,471.36,0.8138,150,0.12,12,32800.84,18
2026-07-20,385,Call Center,Tarde,80,0.04,4,14,7,487.19,28.12,31.17,570.89,0.7515,200,0.1,14,23839.74,14
2026-07-20,386,Call Center,Tarde,100,0.04,3,12,5,506.18,26.64,33.72,1287.24,0.7058,200,0.1,16,6746.54,33
2026-07-20,387,Calidad,Tarde,200,0.015,2,17,5,514.19,18.95,16.02,639.98,0.7689,150,0.12,13,59403.03,18
2026-07-20,388,Calidad,Noche,150,0.06,8,36,6,507.74,23.52,65.86,885.73,0.3606,150,0.12,18,36188.9,19
2026-07-20,389,Comercial,Mañana,150,0.02,3,21,7,509.4,21.75,29.97,882.07,0.8073,200,0.12,31,35164.21,19
2026-07-20,390,Logística,Mañana,300,0.04,10,15,9,497.91,21.52,26.01,1110.43,0.7262,150,0.12,19,70474.64,18
2026-07-20,391,Producción,Mañana,100,0.04,4,15,8,510.86,13.72,30.87,3071.29,0.6786,200,0.1,19,29714.87,30
2026-07-20,392,Producción,Mañana,100,0.06,4,26,3,504.0,39.48,1.95,1720.21,0.7957,150,0.12,11,23038.94,16
2026-07-20,393,Calidad,Mañana,200,0.03,5,6,4,489.05,25.37,14.51,769.94,0.829,150,0.08,10,34569.35,29
2026-07-20,394,Mantenimiento,Mañana,200,0.03,6,17,11,496.85,25.36,6.24,1289.29,0.8899,100,0.08,12,7626.28,16
2026-07-20,395,Comercial,Mañana,150,0.06,16,19,3,505.01,41.41,11.96,729.94,0.9367,300,0.08,20,44322.59,30
2026-07-20,396,Mantenimiento,Mañana,200,0.04,7,17,3,505.62,28.64,26.94,1034.73,0.6536,150,0.12,27,104963.16,18
2026-07-20,397,Call Center,Noche,100,0.015,1,23,8,495.59,14.87,1.53,100.41,0.8165,150,0.15,22,32079.33,15
2026-07-20,398,Calidad,Noche,100,0.06,6,17,6,492.67,28.65,9.79,502.19,0.8129,150,0.12,21,47268.63,41
2026-07-20,399,Mantenimiento,Tarde,100,0.015,0,20,7,493.86,31.99,5.24,717.56,0.7365,100,0.1,12,21146.03,22
2026-07-20,400,Producción,Tarde,80,0.03,1,18,6,508.4,21.73,6.76,1099.05,0.3015,200,0.1,28,65641.22,34
2026-07-21,401,Logística,Mañana,150,0.02,4,15,4,494.34,30.58,4.33,2436.1,0.6324,300,0.1,25,44228.33,23
2026-07-21,402,Comercial,Noche,200,0.02,4,17,10,503.32,16.79,17.15,1971.79,0.7893,300,0.12,35,20776.45,12
2026-07-21,403,Producción,Noche,150,0.02,2,15,2,506.37,33.49,6.22,722.22,0.9294,150,0.08,15,20164.31,37
2026-07-21,404,Calidad,Mañana,200,0.02,3,9,6,503.57,25.74,0.3,499.94,0.4794,300,0.08,29,34437.01,23
2026-07-21,405,Logística,Mañana,150,0.06,8,22,1,493.86,12.31,3.83,1238.97,0.887,200,0.12,21,22907.16,10
2026-07-21,406,Comercial,Mañana,100,0.06,4,10,13,497.92,30.45,27.18,1382.49,0.8565,200,0.08,12,8307.02,15
2026-07-21,407,Logística,Noche,100,0.015,2,19,7,505.23,16.36,14.46,1071.58,0.9869,200,0.1,21,6407.38,38
2026-07-21,408,Producción,Tarde,100,0.02,4,12,6,501.03,30.45,24.12,963.48,0.8379,200,0.1,23,125419.15,36
2026-07-21,409,Call Center,Noche,100,0.02,1,11,4,493.69,15.64,16.64,1268.66,0.9664,200,0.1,15,18690.05,10
2026-07-21,410,Mantenimiento,Mañana,150,0.015,1,17,10,500.78,46.13,30.27,1376.81,0.6525,100,0.1,8,63496.4,19
2026-07-21,411,Comercial,Noche,100,0.04,4,11,5,504.73,14.55,42.13,1941.01,0.7566,150,0.1,16,88197.68,12
2026-07-21,412,Producción,Mañana,150,0.02,3,28,4,496.03,12.78,0.52,414.25,0.7865,150,0.1,11,12258.21,27
2026-07-21,413,Calidad,Noche,150,0.03,8,14,4,522.25,20.06,20.51,1894.9,0.8332,100,0.15,14,8948.9,18
2026-07-21,414,Logística,Noche,100,0.04,8,16,3,495.21,28.39,7.04,949.79,0.5431,100,0.08,5,47966.21,15
2026-07-21,415,Comercial,Mañana,100,0.03,6,15,4,480.94,27.99,9.21,509.05,0.768,100,0.1,8,80366.05,51
2026-07-21,416,Comercial,Mañana,150,0.02,2,24,4,470.28,26.46,13.26,1508.48,0.775,200,0.15,28,162723.0,24
2026-07-21,417,Logística,Noche,100,0.04,6,16,6,487.35,14.49,12.25,1798.42,0.5773,200,0.15,31,147946.93,26
2026-07-21,418,Call Center,Noche,80,0.03,4,11,10,495.01,13.55,20.14,130.84,0.5992,150,0.15,17,83216.63,21
2026-07-21,419,Logística,Mañana,100,0.03,7,29,4,498.71,18.3,0.64,469.12,0.7833,300,0.1,37,11143.75,30
2026-07-21,420,Comercial,Noche,80,0.06,5,7,9,503.17,11.85,18.26,1414.7,0.7933,300,0.1,36,36213.34,10
2026-07-22,421,Logística,Mañana,80,0.02,0,13,3,502.2,34.43,10.05,1216.42,0.832,150,0.1,23,84342.5,28
2026-07-22,422,Call Center,Tarde,100,0.06,6,13,4,514.67,9.96,16.95,1076.23,0.7255,150,0.1,21,82526.76,29
2026-07-22,423,Calidad,Tarde,300,0.02,4,18,4,503.19,17.24,4.13,678.92,0.4929,150,0.15,31,70566.75,12
2026-07-22,424,Logística,Noche,150,0.015,2,16,4,501.72,12.07,21.87,525.55,0.6289,200,0.15,38,17375.48,10
2026-07-22,425,Call Center,Noche,200,0.06,13,24,0,489.69,19.54,44.35,420.02,0.637,150,0.08,11,203505.9,15
2026-07-22,426,Mantenimiento,Tarde,200,0.03,5,21,5,500.09,11.4,34.04,578.26,0.7626,200,0.15,30,13953.22,15
2026-07-22,427,Mantenimiento,Noche,150,0.04,6,26,4,497.36,8.87,19.69,1678.89,0.7137,300,0.1,26,31625.3,23
2026-07-22,428,Comercial,Noche,100,0.02,0,20,9,491.1,16.93,15.65,953.46,0.5345,150,0.1,10,25951.84,17
2026-07-22,429,Logística,Noche,100,0.03,4,26,10,499.12,11.57,14.68,2267.55,0.9444,150,0.08,12,18247.44,13
2026-07-22,430,Comercial,Tarde,100,0.06,7,10,8,503.44,12.69,12.48,350.34,0.9157,200,0.1,21,160840.79,15
2026-07-22,431,Call Center,Tarde,100,0.02,5,10,8,494.09,9.31,13.98,517.61,0.7849,300,0.12,30,32964.51,27
2026-07-22,432,Producción,Noche,200,0.02,3,14,7,516.1,11.04,41.33,2408.37,0.7826,200,0.1,19,66857.52,16
2026-07-22,433,Logística,Tarde,100,0.015,1,17,2,492.09,16.96,5.58,743.96,0.6005,100,0.08,4,36544.54,20
2026-07-22,434,Mantenimiento,Mañana,150,0.015,5,20,9,499.28,24.01,27.14,1731.05,0.7787,200,0.08,21,91592.69,20
2026-07-22,435,Logística,Tarde,200,0.03,9,11,4,486.77,29.75,15.66,1026.39,0.8709,200,0.1,18,9673.32,13
2026-07-22,436,Mantenimiento,Tarde,80,0.03,2,27,7,498.06,9.98,22.42,790.21,0.9179,150,0.08,8,35329.27,22
2026-07-22,437,Comercial,Noche,150,0.02,6,23,6,506.77,34.68,32.02,649.64,0.9396,150,0.1,14,9921.0,29
2026-07-22,438,Producción,Tarde,100,0.02,4,17,9,498.49,23.02,13.02,265.09,0.9565,150,0.08,11,34097.16,24
2026-07-22,439,Logística,Mañana,100,0.02,5,15,2,508.99,14.95,9.87,2010.0,0.9597,150,0.08,17,13537.28,12
2026-07-22,440,Call Center,Tarde,150,0.02,0,11,4,496.66,24.19,9.95,128.57,0.837,200,0.1,19,20648.69,34
2026-07-23,441,Mantenimiento,Tarde,200,0.03,8,19,12,499.98,25.17,8.07,817.47,0.7101,150,0.15,22,10494.75,27
2026-07-23,442,Mantenimiento,Tarde,200,0.015,0,13,13,503.86,12.98,1.61,2182.53,0.8086,200,0.12,24,14874.6,18
2026-07-23,443,Logística,Tarde,300,0.04,11,15,4,499.55,14.67,4.47,2185.34,0.8712,150,0.15,26,20422.69,20
2026-07-23,444,Logística,Noche,300,0.04,9,20,7,495.93,14.93,3.85,1100.04,0.8797,100,0.1,5,16366.69,24
2026-07-23,445,Producción,Tarde,100,0.03,4,29,5,499.9,29.28,1.59,1419.63,0.8213,200,0.15,35,16717.94,25
2026-07-23,446,Comercial,Mañana,80,0.06,5,14,3,502.31,12.25,5.28,614.46,0.8884,150,0.15,21,10414.12,15
2026-07-23,447,Comercial,Mañana,80,0.02,1,11,14,504.95,21.45,5.89,456.74,0.642,150,0.08,8,18193.86,31
2026-07-23,448,Calidad,Mañana,80,0.02,3,17,7,510.38,19.21,6.66,1220.21,0.6444,150,0.12,25,3045.3,18
2026-07-23,449,Producción,Tarde,100,0.06,7,9,9,488.61,34.47,13.05,791.86,0.7385,200,0.15,30,23205.36,28
2026-07-23,450,Call Center,Noche,200,0.06,11,4,2,501.63,35.9,7.98,1881.31,0.6281,150,0.15,18,22227.28,12
2026-07-23,451,Mantenimiento,Noche,300,0.015,4,19,5,497.61,11.03,14.18,1474.94,0.8507,150,0.08,9,51992.1,19
2026-07-23,452,Call Center,Noche,100,0.02,5,10,4,469.67,20.63,24.98,286.67,0.8651,300,0.1,31,44789.04,31
2026-07-23,453,Producción,Tarde,100,0.04,3,19,8,500.0,9.44,19.28,119.67,0.8495,300,0.08,25,16232.44,21
2026-07-23,454,Call Center,Mañana,100,0.03,1,8,2,494.11,42.65,20.1,1123.66,0.8532,150,0.15,26,33290.08,24
2026-07-23,455,Calidad,Tarde,200,0.06,10,16,4,502.65,28.66,3.73,1564.83,0.7183,200,0.1,12,21184.54,29
2026-07-23,456,Mantenimiento,Tarde,100,0.02,5,23,12,505.01,15.44,6.34,1080.03,0.8733,200,0.08,16,15252.76,14
2026-07-23,457,Producción,Mañana,300,0.015,5,18,5,491.73,12.17,21.96,690.07,0.5223,150,0.12,18,23959.46,21
2026-07-23,458,Logística,Noche,150,0.03,3,8,7,501.34,16.75,1.3,973.23,0.6597,150,0.12,11,73327.63,34
2026-07-23,459,Comercial,Tarde,100,0.015,1,22,5,503.84,30.03,14.98,929.59,0.7601,200,0.1,25,52156.99,33
2026-07-23,460,Call Center,Noche,300,0.02,9,10,6,498.17,21.21,0.03,339.02,0.8582,300,0.15,60,11489.37,30
2026-07-24,461,Comercial,Tarde,200,0.02,5,7,6,500.28,20.15,31.82,1393.14,0.8711,150,0.08,11,53981.72,12
2026-07-24,462,Call Center,Noche,100,0.02,3,22,8,503.56,27.43,0.08,980.86,0.6563,150,0.1,16,25678.96,12
2026-07-24,463,Comercial,Tarde,100,0.02,2,11,2,497.57,23.31,39.24,842.51,0.8676,100,0.08,6,22566.37,29
2026-07-24,464,Logística,Noche,150,0.06,8,14,3,496.56,12.69,2.49,911.63,0.8802,300,0.1,36,53911.97,31
2026-07-24,465,Call Center,Tarde,300,0.04,18,26,10,510.12,25.18,18.65,775.49,0.7789,150,0.15,15,18407.42,16
2026-07-24,466,Logística,Tarde,80,0.02,0,20,6,509.73,29.74,17.46,2399.77,0.835,200,0.12,16,16495.54,35
2026-07-24,467,Mantenimiento,Mañana,100,0.03,2,15,11,500.49,24.46,26.46,2396.93,0.6643,150,0.15,34,26259.26,19
2026-07-24,468,Producción,Mañana,100,0.03,5,20,1,498.89,15.3,0.73,1665.01,0.8659,150,0.08,14,98759.37,19
2026-07-24,469,Logística,Mañana,150,0.03,7,12,8,497.17,4.74,56.33,876.99,0.742,150,0.1,18,10140.57,21
2026-07-24,470,Producción,Noche,300,0.015,4,15,4,490.94,13.27,13.4,1142.49,0.7975,200,0.15,27,31826.02,23
2026-07-24,471,Producción,Mañana,80,0.03,0,20,8,481.84,21.26,2.73,553.11,0.8046,200,0.1,29,20617.93,16
2026-07-24,472,Mantenimiento,Mañana,80,0.03,7,21,8,505.33,37.21,12.99,1348.33,0.8682,150,0.15,20,93374.95,27
2026-07-24,473,Producción,Tarde,100,0.02,4,16,4,494.97,12.2,5.74,839.72,0.746,200,0.12,28,188431.89,26
2026-07-24,474,Logística,Noche,150,0.04,6,12,12,491.71,43.48,12.42,1804.79,0.818,150,0.12,17,34795.05,17
2026-07-24,475,Comercial,Noche,100,0.04,2,14,4,507.55,27.22,93.67,103.2,0.5749,150,0.1,13,36916.6,14
2026-07-24,476,Comercial,Tarde,80,0.03,2,22,6,503.34,13.97,14.03,131.31,0.6403,200,0.1,15,10119.24,15
2026-07-24,477,Calidad,Mañana,300,0.02,4,16,6,484.0,19.21,11.05,2589.34,0.8224,200,0.12,21,79010.55,15
2026-07-24,478,Logística,Mañana,200,0.04,13,25,10,507.74,15.91,60.58,1588.62,0.8655,200,0.15,27,42714.72,16
2026-07-24,479,Logística,Mañana,100,0.02,1,12,3,473.7,32.83,29.31,904.76,0.8766,150,0.1,18,93499.22,13
2026-07-24,480,Logística,Mañana,100,0.02,1,17,11,492.38,46.29,2.38,856.14,0.8982,200,0.12,15,38527.08,18
2026-07-25,481,Producción,Noche,100,0.03,3,22,6,502.3,12.16,0.14,860.97,0.7096,150,0.1,9,15931.26,12
2026-07-25,482,Mantenimiento,Tarde,150,0.03,5,14,8,500.05,12.97,14.83,733.34,0.7621,150,0.08,8,16035.7,31
2026-07-25,483,Calidad,Mañana,150,0.02,3,15,9,496.55,9.12,9.54,1148.05,0.6691,200,0.1,16,77551.17,19
2026-07-25,484,Comercial,Tarde,300,0.02,8,24,4,507.83,21.09,24.72,1079.86,0.729,200,0.1,16,20062.67,11
2026-07-25,485,Producción,Mañana,300,0.02,9,20,3,509.3,11.71,12.03,775.92,0.7903,200,0.12,23,78882.97,21
2026-07-25,486,Producción,Tarde,80,0.015,1,21,8,499.25,17.99,0.31,440.14,0.7134,100,0.12,9,27213.74,35
2026-07-25,487,Calidad,Mañana,300,0.03,4,9,6,491.77,15.59,18.36,912.38,0.9609,200,0.12,16,18925.69,15
2026-07-25,488,Comercial,Tarde,200,0.04,4,17,7,499.63,16.88,12.97,1159.71,0.6837,300,0.1,27,11172.85,40
2026-07-25,489,Call Center,Tarde,80,0.02,1,23,13,508.92,6.69,10.74,968.28,0.786,200,0.12,20,41550.01,29
2026-07-25,490,Call Center,Tarde,200,0.02,3,9,2,495.85,25.11,4.34,1061.91,0.8118,150,0.12,24,38668.69,24
2026-07-25,491,Mantenimiento,Mañana,100,0.015,1,11,10,492.95,66.4,35.48,338.9,0.7683,300,0.15,45,26639.25,13
2026-07-25,492,Logística,Tarde,200,0.04,6,28,4,481.21,67.6,55.67,447.56,0.8604,150,0.08,12,53891.38,31
2026-07-25,493,Calidad,Mañana,200,0.015,4,22,5,496.36,38.0,8.47,957.07,0.8843,300,0.12,48,97021.12,24
2026-07-25,494,Call Center,Tarde,200,0.04,9,22,11,503.37,22.71,34.19,274.04,0.8354,200,0.1,23,27082.9,23
2026-07-25,495,Calidad,Noche,100,0.06,6,19,5,503.13,10.73,0.06,1371.82,0.5641,200,0.08,16,6528.65,31
2026-07-25,496,Producción,Noche,100,0.04,4,22,4,498.97,21.01,9.24,499.93,0.7553,200,0.12,27,22812.53,40
2026-07-25,497,Calidad,Mañana,200,0.06,13,9,11,504.52,30.86,6.03,703.48,0.6638,150,0.12,21,118453.46,14
2026-07-25,498,Mantenimiento,Noche,150,0.02,2,16,11,497.92,29.0,17.18,2544.48,0.7958,200,0.08,18,34233.61,20
2026-07-25,499,Logística,Mañana,100,0.02,1,14,5,488.94,11.99,30.62,779.77,0.7381,200,0.12,28,77535.75,18
2026-07-25,500,Mantenimiento,Mañana,150,0.015,2,15,7,507.41,29.71,23.06,1604.98,0.9274,200,0.1,19,24292.5,9
2026-07-26,501,Comercial,Tarde,200,0.06,14,24,9,506.33,15.83,16.91,73.2,0.8683,200,0.12,24,16315.94,31
2026-07-26,502,Comercial,Noche,80,0.02,3,18,5,500.22,20.74,6.6,347.61,0.7414,300,0.15,42,21137.15,13
2026-07-26,503,Comercial,Mañana,100,0.03,2,11,9,495.12,22.36,6.14,534.28,0.7478,200,0.12,26,24941.59,19
2026-07-26,504,Comercial,Tarde,200,0.02,3,25,6,496.82,31.37,6.65,1052.96,0.606,200,0.1,18,27004.37,30
2026-07-26,505,Call Center,Tarde,200,0.015,3,15,7,505.87,26.11,3.91,425.44,0.6242,150,0.15,19,10062.33,15
2026-07-26,506,Logística,Noche,100,0.03,4,8,9,495.4,30.05,28.0,2066.3,0.7923,200,0.1,14,28097.05,21
2026-07-26,507,Call Center,Tarde,200,0.03,7,13,3,506.14,56.88,1.46,2154.55,0.9081,200,0.08,22,32079.98,23
2026-07-26,508,Comercial,Noche,100,0.04,5,22,8,494.13,16.56,1.81,196.92,0.8469,300,0.12,38,69018.64,13
2026-07-26,509,Calidad,Noche,150,0.015,1,13,3,502.07,28.58,0.61,3165.95,0.8633,200,0.1,17,12367.45,22
2026-07-26,510,Producción,Mañana,100,0.04,2,10,2,491.07,7.97,2.14,421.42,0.6945,100,0.12,14,46049.02,23
2026-07-26,511,Mantenimiento,Noche,200,0.06,7,15,3,495.4,33.98,10.84,397.05,0.6378,300,0.15,49,35782.15,28
2026-07-26,512,Mantenimiento,Tarde,100,0.02,1,15,3,496.2,10.63,14.93,294.94,0.9233,200,0.1,19,12916.39,36
2026-07-26,513,Producción,Mañana,80,0.02,0,14,8,508.16,13.92,39.86,206.03,0.8262,150,0.08,8,19523.32,29
2026-07-26,514,Mantenimiento,Mañana,100,0.02,2,28,2,493.18,12.75,0.72,717.09,0.6761,150,0.08,10,24672.43,28
2026-07-26,515,Mantenimiento,Noche,150,0.015,1,13,5,499.13,43.63,13.89,254.63,0.8262,200,0.1,20,4895.46,30
2026-07-26,516,Calidad,Mañana,80,0.06,5,25,11,498.26,25.56,15.26,2116.56,0.5654,300,0.08,10,51462.52,13
2026-07-26,517,Calidad,Tarde,300,0.02,6,12,4,499.86,26.57,21.46,364.39,0.8687,200,0.1,25,10299.69,23
2026-07-26,518,Call Center,Noche,100,0.015,3,16,12,498.99,14.07,2.33,648.87,0.8162,100,0.08,6,39034.1,29
2026-07-26,519,Comercial,Tarde,200,0.04,5,9,6,504.31,22.65,5.95,1135.03,0.9666,300,0.12,32,29373.78,18
2026-07-26,520,Logística,Mañana,100,0.02,3,8,7,490.03,29.65,8.52,989.49,0.8256,150,0.12,24,30005.46,22
2026-07-27,521,Mantenimiento,Tarde,300,0.015,4,12,10,492.76,23.04,16.57,1158.05,0.4989,300,0.1,32,26239.73,16
2026-07-27,522,Producción,Tarde,200,0.06,22,17,5,505.28,18.71,20.01,1224.84,0.7295,300,0.1,33,37285.89,28
2026-07-27,523,Producción,Tarde,200,0.02,8,21,6,495.21,17.89,7.07,1005.85,0.861,200,0.1,22,42129.83,16
2026-07-27,524,Calidad,Noche,300,0.02,7,17,5,494.01,19.41,4.84,234.72,0.5263,200,0.08,19,35493.39,22
2026-07-27,525,Mantenimiento,Tarde,100,0.03,6,24,3,504.93,19.64,3.59,1226.86,0.8807,150,0.08,15,35676.42,21
2026-07-27,526,Producción,Noche,100,0.02,4,18,5,512.68,12.34,44.27,191.78,0.8075,200,0.08,17,28214.18,6
2026-07-27,527,Producción,Mañana,200,0.06,9,18,1,502.62,30.64,7.62,1014.2,0.8215,100,0.12,5,25653.19,30
2026-07-27,528,Call Center,Mañana,100,0.04,3,21,4,496.48,41.19,9.81,319.61,0.7982,300,0.08,25,132336.99,37
2026-07-27,529,Comercial,Mañana,200,0.02,1,14,4,534.11,38.71,10.13,907.55,0.8281,150,0.15,20,44631.35,27
2026-07-27,530,Producción,Mañana,200,0.03,5,26,7,488.82,29.46,22.62,1579.32,0.8518,200,0.12,23,10244.68,17
2026-07-27,531,Logística,Mañana,80,0.06,7,32,3,492.5,35.37,5.08,1278.26,0.8546,150,0.08,12,43130.09,17
2026-07-27,532,Calidad,Mañana,100,0.02,2,14,2,508.66,16.53,0.72,874.03,0.9402,300,0.1,21,24697.53,15
2026-07-27,533,Mantenimiento,Tarde,100,0.02,0,22,7,489.76,52.98,12.13,1792.96,0.5955,100,0.08,10,31915.34,24
2026-07-27,534,Comercial,Noche,150,0.03,4,23,7,501.97,42.99,18.97,1005.26,0.7179,150,0.15,30,85196.09,25
2026-07-27,535,Comercial,Tarde,150,0.015,3,20,10,483.24,13.22,3.63,1888.56,0.5884,150,0.12,18,47484.48,28
2026-07-27,536,Call Center,Mañana,100,0.04,2,14,8,519.51,34.65,118.91,523.46,0.5399,100,0.1,9,21216.39,22
2026-07-27,537,Call Center,Noche,150,0.04,5,24,6,493.08,37.92,1.42,749.36,0.9139,150,0.1,23,69762.59,39
2026-07-27,538,Logística,Noche,100,0.015,0,16,1,488.86,28.36,3.09,1191.88,0.7362,150,0.15,25,11942.16,22
2026-07-27,539,Call Center,Tarde,80,0.02,4,17,6,516.97,37.17,11.82,1265.01,0.8149,100,0.15,22,13392.17,24
2026-07-27,540,Comercial,Noche,200,0.02,4,20,5,501.5,40.74,15.54,237.16,0.9301,150,0.1,19,92365.49,25
2026-07-28,541,Call Center,Tarde,100,0.03,5,15,9,534.6,22.24,29.29,546.39,0.5637,300,0.15,41,17523.43,30
2026-07-28,542,Calidad,Noche,100,0.02,1,9,8,500.65,31.91,21.67,1643.23,0.7715,300,0.12,32,53517.92,22
2026-07-28,543,Calidad,Tarde,80,0.02,0,20,3,501.96,56.76,0.53,1097.73,0.8963,200,0.08,20,45215.89,25
2026-07-28,544,Producción,Tarde,200,0.03,7,22,7,496.06,9.62,6.73,629.1,0.7899,150,0.08,13,56726.19,19
2026-07-28,545,Comercial,Tarde,150,0.03,2,12,9,502.03,33.16,1.28,769.58,0.8797,150,0.1,17,58108.29,40
2026-07-28,546,Calidad,Mañana,200,0.015,6,29,6,495.15,44.0,46.57,466.69,0.7797,150,0.08,7,28573.39,12
2026-07-28,547,Mantenimiento,Noche,200,0.03,7,10,3,491.28,23.29,68.88,934.2,0.7579,200,0.12,27,28711.33,29
2026-07-28,548,Comercial,Noche,200,0.03,4,20,9,494.48,30.07,0.14,671.74,0.8453,150,0.1,10,9857.1,23
2026-07-28,549,Calidad,Noche,200,0.015,4,26,12,490.93,14.01,6.36,930.62,0.8896,200,0.12,22,75547.28,20
2026-07-28,550,Logística,Noche,100,0.04,4,13,11,504.91,14.0,1.59,1097.64,0.8104,200,0.08,13,33238.24,15
2026-07-28,551,Calidad,Mañana,300,0.03,5,13,8,496.46,29.16,4.86,425.58,0.5726,200,0.08,21,38593.02,24
2026-07-28,552,Call Center,Noche,200,0.02,4,16,8,490.09,29.72,7.32,190.65,0.7664,100,0.12,14,39542.86,27
2026-07-28,553,Producción,Tarde,150,0.02,5,19,3,502.07,20.42,15.35,432.7,0.7263,150,0.12,15,24386.36,43
2026-07-28,554,Logística,Mañana,200,0.04,10,31,7,515.61,26.5,7.32,1653.68,0.7717,200,0.1,26,21596.03,18
2026-07-28,555,Comercial,Tarde,80,0.015,0,19,9,503.81,27.66,7.82,912.78,0.832,100,0.12,12,27778.59,23
2026-07-28,556,Producción,Tarde,100,0.015,1,16,6,485.87,36.76,0.56,1038.34,0.7032,200,0.12,24,37616.32,27
2026-07-28,557,Calidad,Tarde,200,0.04,9,11,8,494.16,27.73,60.61,489.71,0.9557,200,0.08,24,17064.54,27
2026-07-28,558,Logística,Tarde,200,0.02,5,22,5,496.24,10.83,13.05,1429.85,0.8085,150,0.12,16,217403.98,17
2026-07-28,559,Logística,Tarde,150,0.02,4,17,7,500.33,28.03,16.29,1503.88,0.3992,200,0.15,29,34874.99,10
2026-07-28,560,Producción,Mañana,150,0.015,2,21,7,504.54,34.49,28.29,610.92,0.9176,200,0.08,19,67788.92,13
2026-07-29,561,Mantenimiento,Tarde,100,0.02,1,22,7,506.41,12.61,30.39,765.28,0.729,150,0.1,18,63368.79,24
2026-07-29,562,Call Center,Noche,200,0.02,5,22,6,495.01,20.87,11.48,591.02,0.7683,300,0.1,29,194124.99,34
2026-07-29,563,Call Center,Tarde,300,0.02,2,12,7,503.03,8.51,9.9,2608.29,0.8827,150,0.15,21,35423.3,14
2026-07-29,564,Producción,Tarde,100,0.02,2,12,4,488.85,12.71,0.4,766.55,0.7216,300,0.12,32,23346.02,26
2026-07-29,565,Comercial,Mañana,300,0.06,9,14,7,487.08,21.71,21.33,476.48,0.8924,150,0.12,24,14278.22,24
2026-07-29,566,Call Center,Mañana,300,0.02,6,15,8,503.61,7.72,27.18,1078.89,0.756,150,0.15,23,15850.81,24
2026-07-29,567,Logística,Tarde,300,0.02,5,13,10,498.56,21.2,8.29,354.94,0.9398,200,0.1,21,16244.58,25
2026-07-29,568,Logística,Mañana,100,0.015,2,15,5,499.67,14.73,9.86,893.15,0.8211,200,0.1,19,53392.61,8
2026-07-29,569,Call Center,Noche,150,0.06,16,16,8,500.43,38.28,5.88,1014.77,0.8734,150,0.08,12,92960.99,20
2026-07-29,570,Calidad,Noche,200,0.015,6,18,8,494.33,24.69,15.2,1089.34,0.7071,150,0.12,20,39490.18,30
2026-07-29,571,Comercial,Tarde,200,0.04,6,22,6,493.28,17.4,64.6,1406.49,0.8119,150,0.1,13,19464.51,19
2026-07-29,572,Call Center,Mañana,100,0.03,5,12,8,516.5,15.5,10.8,727.14,0.917,200,0.1,13,25457.09,21
2026-07-29,573,Mantenimiento,Noche,150,0.02,1,19,4,495.43,16.73,30.48,1347.64,0.9156,200,0.12,14,20546.24,24
2026-07-29,574,Logística,Noche,80,0.03,2,9,4,503.22,23.64,0.46,899.01,0.5098,300,0.1,26,31509.42,17
2026-07-29,575,Call Center,Noche,100,0.02,4,5,6,505.22,13.63,22.55,550.07,0.5957,150,0.08,12,11908.4,18
2026-07-29,576,Call Center,Mañana,80,0.02,3,26,7,507.03,17.45,24.7,2884.17,0.4875,150,0.15,18,47765.55,16
2026-07-29,577,Mantenimiento,Tarde,200,0.015,1,16,6,488.29,15.78,29.66,950.02,0.6225,150,0.12,21,97482.99,35
2026-07-29,578,Comercial,Mañana,200,0.015,5,15,5,492.86,11.95,0.34,1160.22,0.7922,200,0.1,25,26959.36,21
2026-07-29,579,Logística,Tarde,150,0.03,4,15,12,486.77,38.74,6.59,836.76,0.3838,150,0.08,11,42155.14,28
2026-07-29,580,Producción,Tarde,80,0.06,3,11,5,503.29,22.09,13.94,519.23,0.7975,150,0.08,14,11627.0,17
2026-07-30,581,Calidad,Mañana,150,0.02,5,26,12,485.0,24.23,19.62,2829.89,0.7311,150,0.15,20,31833.68,23
2026-07-30,582,Producción,Noche,300,0.03,13,19,11,493.49,31.54,2.68,174.93,0.7687,200,0.08,18,24247.62,28
2026-07-30,583,Mantenimiento,Noche,100,0.015,3,28,10,496.6,8.53,20.61,1964.24,0.6059,150,0.08,19,14411.1,21
2026-07-30,584,Mantenimiento,Tarde,150,0.015,5,17,3,501.43,21.33,1.6,221.16,0.7392,300,0.12,27,27318.54,40
2026-07-30,585,Comercial,Mañana,100,0.015,2,23,9,493.45,34.42,0.98,786.83,0.5465,200,0.15,29,22009.9,23
2026-07-30,586,Comercial,Tarde,80,0.02,2,23,9,491.69,19.05,8.53,1252.01,0.8655,200,0.08,21,25056.11,23
2026-07-30,587,Calidad,Mañana,100,0.02,2,19,11,500.51,15.93,21.0,716.0,0.7247,150,0.12,22,26590.54,24
2026-07-30,588,Calidad,Tarde,200,0.04,6,13,4,501.99,9.64,0.38,337.47,0.898,100,0.08,5,41190.4,17
2026-07-30,589,Calidad,Noche,150,0.04,3,10,7,495.0,25.44,9.63,1194.56,0.7033,150,0.08,14,31527.94,32
2026-07-30,590,Mantenimiento,Tarde,300,0.04,8,23,6,495.64,22.5,9.8,1241.42,0.7907,150,0.15,22,134697.73,21
2026-07-30,591,Producción,Tarde,200,0.015,9,15,6,500.05,41.98,8.14,874.45,0.8175,150,0.1,16,98120.46,24
2026-07-30,592,Comercial,Noche,200,0.04,10,20,6,499.3,14.79,7.02,470.04,0.8871,200,0.12,25,12166.14,30
2026-07-30,593,Logística,Tarde,200,0.03,7,11,10,497.13,21.27,23.99,1398.7,0.9193,150,0.1,18,40516.65,14
2026-07-30,594,Call Center,Tarde,80,0.04,5,17,7,500.35,21.87,1.6,1138.61,0.8591,150,0.1,11,11239.87,40
2026-07-30,595,Mantenimiento,Tarde,200,0.03,1,17,7,494.01,19.52,14.74,1258.72,0.8211,150,0.08,15,14961.57,25
2026-07-30,596,Comercial,Mañana,150,0.015,2,12,11,502.21,16.3,26.77,907.41,0.7083,150,0.15,33,12747.54,11
2026-07-30,597,Call Center,Mañana,100,0.03,2,19,11,497.18,19.24,7.26,918.11,0.7457,150,0.1,17,6720.99,24
2026-07-30,598,Comercial,Noche,100,0.04,3,20,7,496.36,23.26,20.6,2093.56,0.8236,100,0.15,17,42259.3,26
2026-07-30,599,Producción,Mañana,150,0.015,1,14,7,505.33,14.42,19.88,1434.44,0.7985,200,0.12,31,13952.26,21
2026-07-30,600,Calidad,Tarde,100,0.03,2,25,7,506.76,26.74,12.28,1970.44,0.8002,150,0.1,22,11313.42,18
