credito_id,monto_usd,plazo_meses,tasa_anual_pct,dias_mora,sector
1,1101.25,60,14.25,0,Agricultura
2,2599.14,36,17.28,14,Manufactura
3,235.01,36,19.07,20,Transporte
4,602.36,60,15.17,12,Manufactura
5,501.23,24,24.4,61,Agricultura
6,2452.85,48,16.27,27,Transporte
7,607.12,36,23.32,17,Transporte
8,391.99,36,17.91,1,Servicios
9,1701.83,24,13.01,2,Manufactura
10,530.07,36,14.52,12,Transporte
11,828.34,12,19.12,16,Agricultura
12,7368.1,48,22.11,18,Servicios
13,2058.45,24,24.69,20,Transporte
14,926.27,48,18.95,7,Manufactura
15,995.35,24,14.38,0,Servicios
16,2266.5,12,19.47,13,Manufactura
17,1863.66,36,15.61,0,Manufactura
18,1165.0,24,19.87,9,Manufactura
19,1191.36,48,15.2,2,Servicios
20,335.67,60,11.19,3,Transporte
21,283.72,48,23.11,9,Comercio
22,951.98,12,17.71,26,Transporte
23,660.75,36,18.67,13,Servicios
24,1752.61,36,21.99,23,Comercio
25,1284.01,48,25.08,29,Comercio
26,590.98,12,21.02,10,Comercio
27,1249.57,36,18.86,11,Agricultura
28,784.79,36,20.12,50,Servicios
29,5728.91,24,17.47,21,Agricultura
30,1493.67,24,18.63,53,Comercio
31,314.67,36,19.01,22,Agricultura
32,4705.15,48,15.75,0,Agricultura
33,660.82,60,18.57,2,Servicios
34,502.81,36,19.78,16,Manufactura
35,6093.33,24,20.31,10,Agricultura
36,1446.16,24,20.03,8,Agricultura
37,1921.02,60,13.81,18,Comercio
38,1971.3,60,22.8,14,Comercio
39,930.02,60,22.51,12,Comercio
40,693.73,48,18.16,29,Transporte
41,790.44,24,20.09,31,Agricultura
42,3972.27,48,17.74,6,Comercio
43,1290.82,36,21.13,31,Servicios
44,3134.84,24,15.65,25,Transporte
45,1031.58,48,23.2,16,Manufactura
46,599.26,12,20.96,5,Agricultura
47,345.93,12,21.04,5,Agricultura
48,1841.62,36,18.13,11,Servicios
49,4252.57,36,13.56,0,Manufactura
50,539.81,48,21.59,93,Manufactura
51,1653.58,12,13.67,16,Transporte
52,364.86,12,21.64,27,Agricultura
53,703.06,12,15.8,43,Comercio
54,1358.79,12,12.95,25,Servicios
55,275.16,12,18.5,7,Servicios
56,1080.93,36,22.64,10,Servicios
57,561.52,36,15.12,16,Servicios
58,1779.0,48,24.1,16,Comercio
59,960.72,60,20.8,14,Comercio
60,2325.18,36,19.05,17,Transporte
61,876.84,12,16.98,34,Agricultura
62,368.74,12,17.22,7,Comercio
63,333.76,48,20.01,26,Transporte
64,238.12,36,21.46,10,Manufactura
65,1819.59,48,16.42,16,Agricultura
66,8486.1,48,15.68,0,Comercio
67,1553.38,60,17.75,30,Manufactura
68,4178.21,60,23.38,9,Transporte
69,2715.85,36,14.24,13,Comercio
70,724.39,24,22.5,7,Comercio
71,3017.71,60,18.65,6,Manufactura
72,747.8,36,12.72,2,Comercio
73,759.78,12,16.88,6,Servicios
74,928.09,36,20.63,7,Comercio
75,963.95,36,24.81,16,Agricultura
76,1861.42,48,13.85,13,Manufactura
77,641.17,36,8.63,3,Agricultura
78,2233.4,24,13.92,0,Transporte
79,2207.9,60,22.46,27,Agricultura
80,1442.84,48,12.22,0,Servicios
81,5175.49,36,23.74,20,Servicios
82,3071.48,24,22.75,12,Agricultura
83,2580.62,24,19.17,15,Transporte
84,1156.23,36,16.31,2,Comercio
85,1453.04,12,18.69,64,Servicios
86,1667.44,24,20.64,10,Agricultura
87,1108.31,48,20.1,7,Agricultura
88,812.04,36,24.59,15,Agricultura
89,200.0,36,17.59,33,Comercio
90,1947.33,24,13.95,9,Manufactura
91,2522.88,36,13.33,13,Transporte
92,433.16,48,12.63,29,Manufactura
93,1779.58,24,19.19,38,Transporte
94,683.19,12,17.68,20,Transporte
95,817.93,36,18.61,4,Agricultura
96,3129.44,60,16.62,26,Servicios
97,496.45,36,14.61,0,Agricultura
98,495.85,12,20.65,24,Comercio
99,4646.49,24,9.88,5,Transporte
100,976.09,48,15.69,18,Servicios
101,2972.73,24,21.25,16,Transporte
102,305.22,36,15.35,11,Transporte
103,325.42,36,19.87,49,Agricultura
104,528.29,24,15.7,0,Servicios
105,746.08,48,16.9,4,Servicios
106,356.87,48,20.51,18,Transporte
107,1473.56,36,14.03,44,Servicios
108,1552.58,24,21.11,6,Servicios
109,534.58,12,18.66,1,Agricultura
110,569.71,36,22.9,8,Manufactura
111,633.07,36,19.23,3,Comercio
112,431.86,24,14.76,31,Manufactura
113,200.0,12,24.55,29,Servicios
114,1024.51,12,15.05,13,Transporte
115,777.16,60,17.7,11,Comercio
116,843.44,48,21.85,29,Comercio
117,488.12,60,11.92,0,Transporte
118,2097.28,24,23.54,16,Comercio
119,7633.59,60,14.47,5,Transporte
120,562.69,12,16.91,0,Comercio
121,3360.2,36,19.51,10,Manufactura
122,1470.44,48,18.35,6,Comercio
123,1128.15,24,21.26,5,Agricultura
124,832.72,36,12.9,0,Transporte
125,1026.0,12,21.05,26,Comercio
126,2750.87,12,21.33,5,Transporte
127,441.22,36,22.1,47,Agricultura
128,880.06,36,12.94,0,Comercio
129,2978.57,48,13.36,17,Comercio
130,2409.01,36,17.3,33,Agricultura
131,446.72,36,13.74,36,Agricultura
132,947.59,12,12.19,22,Agricultura
133,1963.35,24,17.15,4,Transporte
134,1864.49,60,19.32,8,Agricultura
135,2392.53,12,28.3,24,Transporte
136,1491.34,36,20.42,6,Manufactura
137,1705.41,24,24.63,10,Comercio
138,1442.65,48,18.35,31,Comercio
139,3880.76,48,20.46,16,Servicios
140,782.54,24,17.99,14,Manufactura
141,1139.74,24,27.89,54,Agricultura
142,486.88,36,16.1,14,Agricultura
143,415.87,24,16.58,15,Manufactura
144,1422.21,24,21.29,28,Agricultura
145,614.4,48,19.23,4,Servicios
146,1047.18,24,17.02,5,Transporte
147,4000.6,48,21.86,58,Comercio
148,3819.79,36,18.36,39,Manufactura
149,6497.91,12,18.33,33,Comercio
150,4064.81,36,19.31,11,Transporte
151,7498.17,36,12.43,21,Manufactura
152,1554.99,24,12.92,0,Transporte
153,532.5,36,22.3,9,Agricultura
154,492.59,24,16.13,5,Agricultura
155,3351.17,24,18.03,10,Agricultura
156,1142.87,24,24.14,14,Transporte
157,1213.06,24,18.19,7,Transporte
158,706.8,24,17.76,2,Transporte
159,777.95,36,21.64,16,Comercio
160,1490.71,36,16.41,21,Transporte
161,471.45,36,22.71,23,Agricultura
162,1347.1,48,21.56,7,Servicios
163,3673.37,48,24.91,20,Transporte
164,200.0,36,16.08,15,Servicios
165,319.56,36,23.28,19,Agricultura
166,1882.75,24,20.44,11,Transporte
167,3265.52,48,13.86,8,Comercio
168,741.06,12,9.41,39,Comercio
169,221.72,24,15.71,0,Servicios
170,3447.96,48,19.52,10,Comercio
171,573.15,12,20.03,11,Comercio
172,821.39,24,18.29,13,Comercio
173,1415.5,36,18.32,3,Agricultura
174,643.46,36,18.06,3,Comercio
175,544.08,48,22.11,11,Manufactura
176,552.12,48,13.47,40,Transporte
177,4848.1,12,19.44,22,Comercio
178,2773.02,12,15.62,13,Comercio
179,1736.48,36,15.33,21,Comercio
180,200.0,24,22.62,9,Manufactura
181,1741.59,36,15.06,25,Comercio
182,1667.97,24,18.01,14,Comercio
183,394.45,36,25.35,17,Transporte
184,1348.8,36,21.43,31,Manufactura
185,2543.24,36,16.91,23,Manufactura
186,1729.34,36,17.2,27,Comercio
187,636.42,36,14.2,0,Manufactura
188,1108.33,24,23.05,60,Servicios
189,1967.04,12,22.04,54,Manufactura
190,1150.05,12,20.9,11,Manufactura
191,2991.19,36,21.29,6,Manufactura
192,1505.0,24,15.79,0,Agricultura
193,2002.87,36,13.08,67,Agricultura
194,2115.66,24,20.46,16,Agricultura
195,467.15,36,21.61,12,Manufactura
196,1141.37,48,24.12,14,Servicios
197,840.6,24,17.8,4,Manufactura
198,2527.73,24,17.29,15,Comercio
199,1588.57,12,17.66,8,Servicios
200,943.34,36,20.85,55,Agricultura
201,393.28,36,17.51,17,Transporte
202,305.66,24,18.32,24,Servicios
203,1405.68,36,21.41,10,Agricultura
204,617.84,12,16.31,0,Servicios
205,1868.52,36,23.37,18,Servicios
206,294.56,36,20.72,10,Manufactura
207,3922.02,48,12.0,0,Comercio
208,1865.14,12,16.7,44,Transporte
209,1187.19,48,11.41,0,Agricultura
210,4215.18,48,17.81,3,Servicios
211,2341.94,24,16.76,1,Transporte
212,749.94,24,21.42,10,Servicios
213,1166.85,36,15.42,105,Comercio
214,227.83,48,19.86,7,Transporte
215,2569.21,48,20.49,10,Agricultura
216,865.44,36,19.4,18,Servicios
217,225.48,48,22.49,12,Comercio
218,426.04,12,25.74,15,Transporte
219,2201.14,12,18.89,4,Servicios
220,3987.99,60,19.92,9,Servicios
221,1114.7,48,15.42,0,Agricultura
222,499.88,36,14.93,0,Comercio
223,351.92,48,22.12,31,Manufactura
224,3400.55,60,21.66,8,Servicios
225,1571.17,48,14.9,18,Transporte
226,842.09,48,13.92,18,Agricultura
227,696.02,48,16.23,9,Agricultura
228,1877.06,24,18.01,6,Servicios
229,1836.2,48,17.07,1,Servicios
230,535.25,24,19.06,22,Servicios
231,439.7,48,21.71,19,Manufactura
232,457.82,36,20.12,19,Servicios
233,754.02,36,20.38,4,Comercio
234,631.55,36,9.92,27,Transporte
235,4001.7,12,12.85,0,Servicios
236,732.88,24,15.71,3,Manufactura
237,403.54,60,16.29,5,Transporte
238,422.08,60,21.44,5,Agricultura
239,946.55,24,15.42,6,Servicios
240,255.26,60,20.83,25,Transporte
241,1045.14,48,15.75,23,Agricultura
242,376.54,36,14.3,26,Manufactura
243,2770.79,12,14.46,5,Comercio
244,1203.81,60,26.4,28,Servicios
245,5983.85,36,15.67,0,Comercio
246,913.64,48,20.92,14,Manufactura
247,200.0,48,13.05,0,Transporte
248,3519.75,48,23.47,15,Transporte
249,1638.5,36,19.72,9,Manufactura
250,1854.79,24,19.46,10,Manufactura
251,491.73,24,19.95,16,Servicios
252,1059.68,24,20.33,38,Agricultura
253,1273.05,12,21.33,13,Comercio
254,906.64,36,16.4,57,Comercio
255,273.83,36,16.2,19,Transporte
256,10046.24,48,18.67,12,Transporte
257,2140.22,12,20.9,20,Servicios
258,1535.28,36,18.27,2,Manufactura
259,3137.27,12,21.21,33,Comercio
260,1836.02,12,20.66,17,Servicios
261,637.94,12,17.74,64,Transporte
262,2980.44,48,12.38,7,Transporte
263,2168.46,12,16.74,25,Comercio
264,657.58,48,24.6,34,Transporte
265,2063.2,24,19.69,9,Transporte
266,904.65,48,16.26,2,Agricultura
267,1295.67,48,19.38,11,Manufactura
268,1771.75,60,20.87,14,Transporte
269,3277.38,48,16.26,2,Agricultura
270,654.06,60,22.82,41,Servicios
271,1468.46,48,20.23,15,Transporte
272,5500.43,36,14.65,53,Servicios
273,952.57,24,21.5,30,Transporte
274,1283.37,24,17.07,11,Comercio
275,5493.85,24,17.87,44,Agricultura
276,1826.18,36,14.94,6,Agricultura
277,337.25,36,20.71,37,Comercio
278,580.34,48,17.98,7,Manufactura
279,1903.91,60,20.86,11,Agricultura
280,1538.25,36,16.57,6,Servicios
281,1248.96,36,16.17,9,Agricultura
282,6179.42,60,15.89,9,Manufactura
283,669.15,24,19.89,13,Servicios
284,1033.25,48,16.12,3,Servicios
285,228.04,24,17.79,39,Comercio
286,2775.34,36,16.69,11,Transporte
287,578.78,24,20.04,11,Comercio
288,2554.75,48,12.43,7,Transporte
289,2348.72,36,19.36,24,Comercio
290,7181.61,24,24.56,58,Transporte
291,1843.5,24,22.83,18,Agricultura
292,824.79,36,16.34,0,Servicios
293,1576.4,60,20.23,12,Transporte
294,597.41,48,19.55,12,Agricultura
295,1415.63,36,23.64,43,Manufactura
296,933.81,24,9.71,0,Comercio
297,1036.63,36,22.4,53,Manufactura
298,534.49,48,17.56,9,Agricultura
299,1394.59,48,15.9,51,Manufactura
300,2120.45,24,15.8,0,Manufactura
301,292.46,48,13.95,28,Agricultura
302,632.15,36,16.35,38,Servicios
303,1254.43,60,14.72,44,Transporte
304,200.0,60,19.13,2,Comercio
305,4412.57,48,20.56,7,Transporte
306,620.86,48,17.6,15,Comercio
307,517.77,24,23.75,9,Transporte
308,929.02,48,16.58,0,Manufactura
309,1224.02,36,17.42,3,Servicios
310,598.74,24,16.84,9,Manufactura
311,2402.66,24,20.6,16,Servicios
312,1509.85,48,20.95,5,Agricultura
313,561.27,12,20.23,6,Comercio
314,722.04,36,18.07,10,Comercio
315,325.9,36,13.81,7,Agricultura
316,402.35,12,17.38,1,Transporte
317,1495.29,24,23.67,16,Agricultura
318,565.95,48,22.05,41,Agricultura
319,4644.45,48,19.53,104,Servicios
320,1160.65,24,17.15,64,Agricultura
321,371.57,48,18.45,33,Comercio
322,439.36,48,17.17,6,Manufactura
323,2546.25,36,22.68,24,Servicios
324,1031.52,48,15.56,4,Servicios
325,2425.02,60,21.73,21,Transporte
326,817.96,36,16.65,4,Manufactura
327,700.51,24,23.12,22,Servicios
328,2685.33,60,19.99,14,Agricultura
329,551.77,36,15.88,0,Servicios
330,1621.72,12,17.42,23,Servicios
331,925.72,36,20.99,5,Servicios
332,2214.94,36,16.75,3,Transporte
333,4697.51,48,18.58,1,Servicios
334,801.32,36,16.7,5,Servicios
335,707.89,24,24.66,11,Transporte
336,1868.04,36,25.26,48,Manufactura
337,461.46,36,23.62,16,Comercio
338,3996.49,24,18.06,9,Transporte
339,3487.07,36,17.09,5,Transporte
340,493.1,48,15.77,11,Servicios
341,309.05,12,23.88,32,Servicios
342,433.35,36,21.76,21,Comercio
343,438.65,24,21.93,27,Servicios
344,2082.68,24,17.63,35,Agricultura
345,3787.03,24,12.35,21,Servicios
346,2063.38,24,13.15,10,Servicios
347,907.82,48,18.7,5,Agricultura
348,1442.31,24,16.67,13,Comercio
349,546.85,48,16.27,8,Agricultura
350,2637.97,12,19.71,22,Transporte
351,1549.4,60,22.05,33,Agricultura
352,2035.63,36,16.05,17,Manufactura
353,612.76,48,13.93,22,Transporte
354,958.26,24,16.13,0,Servicios
355,1958.74,36,14.85,0,Transporte
356,3480.08,24,20.57,8,Comercio
357,674.2,60,18.49,35,Comercio
358,2047.47,36,25.08,37,Agricultura
359,620.39,36,21.07,22,Transporte
360,5965.54,48,24.85,28,Servicios
361,786.93,24,13.59,13,Comercio
362,1835.01,48,8.0,28,Servicios
363,1251.99,36,19.35,29,Manufactura
364,8815.29,48,18.93,16,Comercio
365,1318.07,36,18.07,17,Agricultura
366,726.29,24,18.84,5,Manufactura
367,1829.15,24,14.57,11,Transporte
368,1796.85,48,20.47,12,Servicios
369,966.83,36,21.08,7,Comercio
370,456.77,36,14.3,19,Manufactura
371,718.81,60,17.26,10,Manufactura
372,2219.86,12,17.48,56,Comercio
373,270.98,48,16.15,2,Transporte
374,899.25,60,14.44,4,Transporte
375,2430.59,48,18.54,10,Agricultura
376,1017.6,48,19.41,4,Transporte
377,6241.45,24,16.36,6,Agricultura
378,271.59,24,14.68,0,Manufactura
379,508.22,48,19.94,6,Comercio
380,200.0,24,15.81,2,Transporte
381,5404.31,24,17.42,3,Agricultura
382,514.92,48,16.97,18,Manufactura
383,223.74,24,22.86,8,Transporte
384,672.14,60,15.97,11,Servicios
385,359.87,48,24.54,31,Manufactura
386,675.99,48,21.13,15,Transporte
387,1133.41,48,24.87,51,Manufactura
388,2087.95,48,20.83,23,Comercio
389,953.62,48,17.73,20,Comercio
390,1119.05,36,15.29,0,Comercio
391,688.64,24,17.26,21,Servicios
392,327.22,48,23.71,35,Comercio
393,250.33,48,18.33,7,Servicios
394,819.27,36,20.81,8,Comercio
395,1173.46,12,19.22,9,Manufactura
396,772.1,36,19.37,22,Transporte
397,257.89,12,19.51,10,Transporte
398,1288.35,60,20.23,23,Comercio
399,4037.75,60,15.65,0,Transporte
400,1000.53,24,17.54,24,Comercio
401,689.78,36,19.58,7,Comercio
402,1044.83,12,19.07,6,Agricultura
403,453.27,48,16.89,12,Agricultura
404,430.47,24,19.96,4,Agricultura
405,1573.62,36,15.8,0,Servicios
406,2421.78,24,14.22,0,Agricultura
407,974.89,12,19.53,14,Comercio
408,226.1,36,14.31,30,Manufactura
409,1454.88,12,19.48,30,Agricultura
410,5732.49,36,11.66,1,Agricultura
411,902.24,12,15.96,0,Manufactura
412,951.2,36,17.35,11,Comercio
413,545.6,48,12.88,11,Servicios
414,1611.76,48,17.2,5,Agricultura
415,641.12,48,22.65,9,Manufactura
416,2482.95,60,14.05,0,Comercio
417,648.03,12,17.29,21,Transporte
418,1441.49,12,24.46,16,Servicios
419,1056.72,36,14.78,20,Manufactura
420,3805.07,48,23.39,14,Manufactura
421,1521.7,60,17.52,2,Manufactura
422,3326.27,12,18.86,10,Agricultura
423,1196.19,24,23.02,17,Transporte
424,956.62,24,16.8,0,Servicios
425,1063.63,48,20.71,6,Comercio
426,591.62,36,21.6,8,Comercio
427,1677.96,12,16.22,0,Transporte
428,631.26,36,15.83,3,Manufactura
429,1199.87,36,17.7,50,Manufactura
430,2173.65,48,17.81,10,Manufactura
431,3892.63,12,14.72,10,Manufactura
432,1249.24,48,16.25,4,Manufactura
433,2184.11,36,8.0,0,Transporte
434,1985.27,48,17.33,0,Agricultura
435,807.63,48,21.63,16,Servicios
436,5920.89,24,12.67,2,Manufactura
437,691.6,12,16.88,1,Agricultura
438,1179.44,48,27.05,35,Comercio
439,3509.73,24,18.42,11,Transporte
440,3441.17,48,23.25,14,Agricultura
441,1109.27,48,14.96,0,Manufactura
442,2421.96,48,20.07,15,Manufactura
443,916.74,24,14.36,16,Manufactura
444,741.78,24,19.9,8,Agricultura
445,415.62,36,21.45,9,Manufactura
446,1956.88,12,20.62,15,Agricultura
447,2128.93,48,17.29,1,Manufactura
448,696.24,48,19.46,19,Comercio
449,1358.97,36,19.5,16,Comercio
450,9143.43,48,20.83,6,Servicios
451,2744.48,24,18.07,1,Manufactura
452,533.16,24,21.76,20,Manufactura
453,2443.65,60,23.52,14,Agricultura
454,535.13,60,17.39,0,Agricultura
455,200.0,36,18.66,22,Manufactura
456,1078.87,60,15.33,2,Servicios
457,3829.77,36,19.69,12,Manufactura
458,3354.17,24,19.71,7,Agricultura
459,1482.95,24,18.7,16,Manufactura
460,710.96,60,18.97,7,Agricultura
461,1618.35,24,25.23,62,Manufactura
462,884.19,36,8.4,4,Transporte
463,727.11,36,16.76,0,Agricultura
464,2564.71,48,17.3,7,Servicios
465,719.94,36,23.6,16,Transporte
466,2702.11,24,20.16,15,Manufactura
467,682.83,24,20.25,31,Agricultura
468,5691.87,36,22.91,20,Transporte
469,295.15,48,17.87,1,Servicios
470,510.09,36,20.78,20,Agricultura
471,968.46,48,16.64,0,Transporte
472,224.25,12,14.81,18,Transporte
473,200.0,48,24.78,27,Transporte
474,225.81,36,19.79,8,Comercio
475,868.12,12,20.76,9,Manufactura
476,885.92,36,14.72,19,Agricultura
477,1431.39,48,20.29,26,Agricultura
478,936.73,48,24.72,17,Agricultura
479,1393.55,24,17.53,5,Transporte
480,764.96,48,14.1,6,Manufactura
481,1942.74,12,19.14,2,Servicios
482,1764.19,12,14.87,0,Agricultura
483,844.42,36,13.05,0,Manufactura
484,1679.76,36,15.93,0,Manufactura
485,941.51,48,16.78,9,Comercio
486,324.45,24,15.04,68,Agricultura
487,2261.08,12,23.14,24,Transporte
488,530.89,36,25.11,12,Manufactura
489,2241.86,12,20.66,15,Manufactura
490,1421.15,12,19.84,13,Servicios
491,1024.93,24,18.0,2,Comercio
492,244.3,36,15.36,34,Manufactura
493,3758.58,24,24.11,18,Manufactura
494,820.17,36,18.28,79,Transporte
495,1821.93,12,16.88,6,Transporte
496,1001.07,12,22.05,20,Servicios
497,882.58,36,18.24,2,Servicios
498,1279.53,12,21.92,15,Servicios
499,1120.19,36,17.07,3,Transporte
500,885.72,12,22.06,33,Transporte
